5.86566852 5.6364147 1.0
5.95122202 5.9911394 1.0
2.63900331 3.3895657 -1.0
3.89670021 1.5287262 -1.0
5.59537157 7.6059945 1.0
6.52525908 5.5237721 1.0
7.90661223 6.1806986 1.0
5.78422651 5.7328522 1.0
6.9892222  6.7006915 1.0
2.14616181 4.0958621 -1.0
2.93948168 3.2046171 -1.0
3.43804635 3.5539923 -1.0
5.43193246 3.8216553 1.0
2.57871124 1.9069164 -1.0
3.46897152 3.2010542 -1.0
2.16346874 3.0868754 -1.0
1.54976209 1.6548995 -1.0
5.29018557 6.1344110 1.0
6.66352518 5.8402394 1.0
2.0553432  3.9380619 -1.0
5.25531867 5.2681166 1.0
5.95318094 5.3778701 1.0
3.18872941 1.9900377 -1.0
6.84278872 5.4776867 1.0
7.17377793 5.6967791 1.0
6.65990658 5.6718636 1.0
3.5921616  1.2523375 -1.0
3.57339152 3.2250075 -1.0
6.19945333 6.7986885 1.0
7.30248469 6.4697970 1.0
2.61501049 2.5450499 -1.0
4.88087156 2.8387046 -1.0
4.6517341  6.8187179 1.0
1.37459485 2.068738  -1.0
5.96860425 6.7072642 1.0
2.68396391 2.6581180 -1.0
1.32532077 2.6283368 -1.0
3.99954768 1.7082827 -1.0
5.92463674 3.7855157 1.0
1.61431795 3.8922302 -1.0
2.38913428 3.2153955 -1.0
6.51244265 7.1608931 1.0
4.64620217 4.2460823 -1.0
2.3097955  2.3529531 -1.0
4.41233005 6.5014071 1.0
1.55550276 1.6539726 -1.0
5.97966779 5.3661255 1.0
6.6408493  6.3496654 1.0
3.66152921 4.1314628 -1.0
5.72322623 5.8391216 1.0
5.93991992 6.4384764 1.0
2.43746867 3.5711009 -1.0
5.28503008 5.3095822 1.0
4.99520424 6.0567729 1.0
6.32070121 6.0440674 1.0
2.99522856 2.6868724 -1.0
2.39074661 2.3641042 -1.0
5.5881255  5.8301487 1.0
1.04948031 3.1178270 -1.0
6.34211743 4.2453649 1.0
5.90585322 5.9094321 1.0
4.71876687 4.9163005 1.0
5.39571737 7.2398576 1.0
5.74779524 7.4327558 1.0
3.10038354 2.4113721 -1.0
2.42446853 5.8038850 -1.0
5.52082105 5.1675207 1.0
3.33691105 3.4719195 -1.0
3.26348986 2.9145341 -1.0
3.21670855 2.9929801 -1.0
5.53987398 5.3795510 1.0
2.99211312 4.3883561 -1.0
2.79717936 4.3340448 -1.0
3.55562084 3.1855116 -1.0
3.49034048 2.4030866 -1.0
 1.75966885 -0.1615108 -1.0
5.72372013 4.6232423 1.0
6.84177732 6.4118625 1.0
5.23397671 5.6154906 1.0
7.75115195 6.5271799 1.0
2.61666591 1.6873124 -1.0
7.70671492 7.8898076 1.0
4.63043168 5.0965518 1.0
4.06968305 5.1272114 -1.0
5.45162964 5.8241495 1.0
4.02796681 1.9983819 -1.0
4.14622199 5.8088057 1.0
3.3199315 2.502723 -1.0
2.23507922 2.8851248 -1.0
2.70059698 2.4262899 -1.0
2.11694319 3.7030532 -1.0
5.61215194 5.6489207 1.0
2.41503741 1.4632851 -1.0
2.57473843 3.1703691 -1.0
3.54892036 1.8106933 -1.0
4.4379996  4.7241629 -1.0
7.29476018 5.3174604 1.0
5.84050955 5.4374741 1.0
2.18256523 2.4309920 -1.0
2.7036799  2.5316316 -1.0
5.3889136 4.507584 1.0
3.55098551 3.4829136 -1.0
4.34897088 6.3314891 1.0
0.80390081 3.9442090 -1.0
7.8974662  4.8141109 1.0
3.30517844 2.3295207 -1.0
2.39894622 1.7140636 -1.0
3.01941065 3.4383717 -1.0
6.69925521 6.0246607 1.0
5.0112824  3.8031760 -1.0
6.29927906 5.3854471 1.0
3.84917374 2.2919545 -1.0
3.03210347 2.0659056 -1.0
4.09424481 2.8414914 -1.0
3.17659111 1.9156151 -1.0
1.83193461 3.7572585 -1.0
7.983311   6.3150427 1.0
2.21174196 5.0886339 -1.0
1.98703944 4.6856086 -1.0
6.46603535 6.4948850 1.0
6.25177267 6.7282104 1.0
2.47512502 2.8205724 -1.0
5.27351662 2.9845667 1.0
2.26966919 1.5193167 -1.0
7.84194132 4.6266186 1.0
6.00137922 3.5245764 1.0
3.43752736 2.4005979 -1.0
6.27535306 5.7074310 1.0
4.70360474 3.1153622 -1.0
3.42332067 1.3994828 -1.0
7.01252244 4.9556174 1.0
8.36232703 7.5128330 1.0
3.25263213 1.8617846 -1.0
4.01051227 2.4780068 -1.0
6.43149744 6.090947  1.0
6.02092818 6.6457406 1.0
6.64289225 6.0839879 1.0
6.16393924 6.8199056 1.0
4.38767063 1.9768837 -1.0
5.86667869 5.4006443 1.0
7.20351582 6.7331627 1.0
6.26935295 6.0963681 1.0
6.00563981 4.8018321 1.0
0.64799016 2.4973538 -1.0
6.12845096 5.5191312 1.0
2.46724677 3.7684349 -1.0
4.41643856 6.2389793 1.0
3.30081271 2.4851622 -1.0
2.55641921 1.6915308 -1.0
1.61415288 2.8831929 -1.0
5.68164336 8.2238293 1.0
3.86193729 2.7244106 -1.0
2.84455181 3.1597653 -1.0
3.86202668 4.1554802 -1.0
5.93654426 5.6307968 1.0
5.95547146 4.5355608 1.0
4.38974414 3.3037475 -1.0
3.11750103 3.1496447 -1.0
2.75360282 3.0394656 -1.0
6.21749364 7.4156812 1.0
3.17526335 2.1985071 -1.0
6.17079914 6.4377040 1.0
3.92272289 2.8164354 -1.0
3.75212855 3.6120854 -1.0
5.67796148 5.3080615 1.0
3.16394147 4.7848711 -1.0
4.92073021 5.6330161 1.0
5.71446072 5.6568042 1.0
5.78712508 5.9219977 1.0
8.44688393 7.4755789 1.0
3.87150754 1.6571826 -1.0
2.1829246  4.4326973 -1.0
6.28394271 7.2789830 1.0
4.77082956 4.2819983 1.0
4.9692908  6.1043408 1.0
2.15915341 3.0621383 -1.0
6.02730002 5.1817080 1.0
5.79051671 6.7445135 1.0
4.35629735 3.278915  -1.0
4.34973968 3.2348985 -1.0
2.94105447 4.0810756 -1.0
4.26322797 6.7292515 1.0
3.7038468  4.1358903 -1.0
7.7052994 6.946491 1.0
6.35971774 4.8541562 1.0
2.11390199 1.8927641 -1.0
7.56989706 5.7911171 1.0
3.11214054 2.8376572 -1.0
6.12684408 5.3515966 1.0
2.79328176 1.9576918 -1.0
6.92661233 7.7137685 1.0
2.23635625 4.1396957 -1.0
3.21113805 3.8060323 -1.0
3.71241037 1.9478927 -1.0
7.18044257 5.9462067 1.0
6.45496743 7.4608776 1.0
6.77214417 5.1771423 1.0
5.68370574 6.3400838 1.0
2.17174278 3.0358382 -1.0
3.28921054 2.8128556 -1.0
7.17993933 5.2923630 1.0
2.36473012 1.2061469 -1.0
5.49025149 5.4461735 1.0
4.53589415 6.8661752 1.0
5.10049451 5.9796434 1.0
4.49654267 6.3127799 1.0
2.09101717 2.9220576 -1.0
5.43771187 5.0870649 1.0
-0.16519603  1.9838385 -1.0
5.9981193  4.5657840 1.0
3.78176989 3.1057014 -1.0
2.57186049 2.2653092 -1.0
3.60731369 4.5341492 -1.0
7.84836729 5.7663708 1.0
3.99163464 2.3631437 -1.0
7.93345308 5.7477326 1.0
2.70655132 3.7981189 -1.0
6.79670438 5.3759398 1.0
6.29632863 6.0976961 1.0
4.27967302 5.5313871 1.0
5.37316234 6.4610129 1.0
5.92756605 7.4103593 1.0
5.36863415 6.8697609 1.0
7.48009011 5.0976820 1.0
4.84016007 4.6715519 1.0
1.09465592 3.0533496 -1.0
3.57627999 2.7280516 -1.0
4.66972329 4.4007015 -1.0
6.00870977 5.1022579 1.0
7.00665339 6.5263661 1.0
5.89116081 7.5898902 1.0
5.40338959 4.7200557 1.0
2.37817946 3.2303139 -1.0
4.88973888 5.3961423 1.0
1.73438387 3.7328846 -1.0
7.97660198 5.2514311 1.0
3.72027006 2.4343677 -1.0
3.45553091 1.5254810 -1.0
2.94781404 2.8835239 -1.0
7.56020927 7.0478084 1.0
4.0275809 4.061924 -1.0
3.67768758 2.8950181 -1.0
1.53437945 3.8924466 -1.0
1.7869261  3.9112090 -1.0
5.80452496 5.5105889 1.0
3.00283171 3.0843519 -1.0
6.33713267 5.0579683 1.0
5.13880173 6.2153523 1.0
3.88869744 3.0256567 -1.0
5.65050884 6.0368149 1.0
4.35615198 4.6833213 1.0
2.51903106 4.8144043 -1.0
6.54147026 7.9178034 1.0
7.38444839 6.0765264 1.0
5.91727778 5.8845161 1.0
2.88840253 3.3156374 -1.0
2.10510776 2.9951996 -1.0
3.58925392 2.1089560 -1.0
4.49919564 2.2509348 -1.0
5.15092415 1.7516797 -1.0
3.03247503 2.4008626 -1.0
3.51032724 2.0440583 -1.0
5.52095472 8.6762256 1.0
5.76987565 4.2242685 1.0
5.75705715 7.0048258 1.0
4.53044203 4.8993158 1.0
5.50833268 4.6293054 1.0
2.17163301 3.0950797 -1.0
7.17647567 7.3161120 1.0
5.69832538 6.4050352 1.0
2.6020348  3.9029564 -1.0
2.7810829  2.3122041 -1.0
5.38909095 5.6488802 1.0
6.0733654  6.9921755 1.0
6.83704266 6.2704849 1.0
1.65565632 4.3632540 -1.0
7.05651038 6.4740798 1.0
6.34458672 6.2157021 1.0
2.56903422 1.2204411 -1.0
5.19486175 6.1928604 1.0
5.63322298 6.2047474 1.0
5.49413991 7.0767905 1.0
5.70265261 5.8301097 1.0
2.45086273 3.9013013 -1.0
3.6310526  3.1903702 -1.0
4.81622191 6.1445961 1.0
6.62182471 7.0936110 1.0
3.6554424  4.5414879 -1.0
7.63754062 6.7816758 1.0
2.70602755 1.7065318 -1.0
3.02353389 1.1339339 -1.0
4.49576107 6.8417555 1.0
3.99802779 4.1617003 -1.0
6.29908698 6.4875814 1.0
2.09119241 3.2991172 -1.0
3.6067705  2.7539633 -1.0
5.67115972 6.1807664 1.0
8.51739352 5.8097614 1.0
2.5797713  1.2406390 -1.0
3.51081313 6.3238542 -1.0
2.90224913 2.6243579 -1.0
3.42229032 2.2758082 -1.0
4.91471594 2.5482827 -1.0
3.37162833 1.9561422 -1.0
1.30404729 2.6669151 -1.0
4.2573527 5.678155 1.0
5.72299216 6.0543034 1.0
1.78191458 1.8812623 -1.0
3.30666626 2.4433060 -1.0
3.09490862 2.9143913 -1.0
3.5898887  5.4908730 -1.0
6.39420853 4.9815759 1.0
6.29088856 6.8999382 1.0
4.15143793 2.7372256 -1.0
5.90338879 6.2406775 1.0
5.31351581 7.0455285 1.0
3.59383461 2.9553847 -1.0
3.83279226 3.8446267 -1.0
3.65660675 0.1761488 -1.0
2.4221762  1.1003679 -1.0
4.12504962 4.1191869 -1.0
2.78605197 4.1364336 -1.0
6.15580407 6.9653922 1.0
4.14172942 5.1524967 1.0
2.88705223 1.3738693 -1.0
5.29376028 7.6074289 1.0
2.16069805 0.6838160 -1.0
8.18569632 4.2971270 1.0
4.42254681 3.9122535 -1.0
6.29031238 6.7448928 1.0
7.41711073 5.5206411 1.0
1.12678634 3.0456721 -1.0
6.33596384 5.2801340 1.0
7.44434985 7.9726192 1.0
6.43086157 5.4000160 1.0
1.31025571 3.3497963 -1.0
4.98732979 4.3665166 -1.0
3.09755116 3.9249179 -1.0
6.81791785 6.3120854 1.0
7.16524236 7.2254645 1.0
5.60351685 7.3060025 1.0
3.61927712 3.0568739 -1.0
5.41009679 1.9126255 -1.0
6.58543795 4.4082340 1.0
5.38274758 7.0348802 1.0
5.44565274 4.0962538 1.0
3.37595819 2.1088796 -1.0
6.91273161 5.5952759 1.0
5.95459746 4.6309985 1.0
2.55475847 3.3514782 -1.0
3.71354178 4.4206682 -1.0
2.87517094 2.580225  -1.0
4.94339678 2.9613344 -1.0
7.36058692 5.6373783 1.0
7.45869248 6.5901091 1.0
7.36568415 6.1626640 1.0
3.85725739 3.6737618 -1.0
5.94583313 6.6200517 1.0
5.8991253  5.6006549 1.0
7.65896287 6.5061159 1.0
1.80132064 2.8981419 -1.0
4.28149527 3.1527616 -1.0
3.09086092 2.1086180 -1.0
3.35030704 3.6335063 -1.0
2.52282639 3.9767303 -1.0
3.58112336 2.8129143 -1.0
1.8393434  2.1017286 -1.0
5.93345567 7.6672387 1.0
5.41155485 6.1201262 1.0
6.91022974 5.9248606 1.0
7.87224153 5.8194455 1.0
3.22626897 2.8310261 -1.0
2.16069101 2.7965373 -1.0
7.15928138 7.2051407 1.0
1.69747901 3.1442827 -1.0
3.27988199 3.0550703 -1.0
1.29815862 2.8512744 -1.0
4.55501262 5.9611903 1.0
3.22535779 1.9707233 -1.0
5.4297294  6.5402030 1.0
4.96351444 5.8362511 1.0
6.4987838  4.2128317 1.0
4.80861827 4.1881464 -1.0
4.07012063 5.1291348 -1.0
6.32942987 4.7314262 1.0
3.83957761 2.9252267 -1.0
6.19933426 5.6841103 1.0
3.95329183 1.3190833 -1.0
3.48035193 3.1022386 -1.0
2.39751204 3.1104834 -1.0
2.40839236 2.6653092 -1.0
7.50230667 7.2494132 1.0
3.25177411 3.1638456 -1.0
4.81962616 5.7062180 1.0
3.3487433  1.8201063 -1.0
1.12579329 2.4135747 -1.0
6.11263544 5.7361227 1.0
3.29824658 2.9637521 -1.0
2.20823359 4.0877629 -1.0
5.82013747 6.5149977 1.0
2.01373336 4.0226064 -1.0
6.52081615 5.1505579 1.0
4.41355292 3.2035619 -1.0
4.4045586  6.8076266 1.0
2.0277893  2.1470896 -1.0
6.51083143 8.0634276 1.0
5.20542784 6.2817234 1.0
4.95858079 6.3264778 1.0
3.23933327 0.7246113 -1.0
5.03870219 3.9820788 -1.0
7.07211813 3.7436463 1.0
2.08310576 3.3068642 -1.0
2.55435822 2.5159920 -1.0
1.64984041 3.3346358 -1.0
1.53209294 3.1397139 -1.0
1.66417329 3.1744166 -1.0
6.16189323 6.5212074 1.0
8.21228655 4.2968145 1.0
4.87916847 5.9866567 1.0
3.70644449 2.2692942 -1.0
2.92984218 4.2288567 -1.0
6.85169252 5.7614823 1.0
5.70116782 5.1767399 1.0
6.46294792 7.5945247 1.0
3.90693961 2.4479900 -1.0
6.32915285 6.6830624 1.0
7.7757624  6.5854268 1.0
3.43462396 4.2921627 -1.0
2.75928932 0.8551837 -1.0
7.71490785 8.0960327 1.0
6.22147407 4.5464712 1.0
2.59318273 3.0436580 -1.0
4.61275015 3.4234513 -1.0
3.58442494 2.6534399 -1.0
2.94776556 3.0213243 -1.0
3.96843863 4.3941608 -1.0
2.66946112 4.2983428 -1.0
6.32118616 6.5658164 1.0
2.17070097 1.7667286 -1.0
2.74461807 1.8383723 -1.0
5.36278976 6.2915688 1.0
1.23776849 3.3162678 -1.0
3.96546858 3.9646481 -1.0
7.13520906 6.4430767 1.0
4.52749329 2.2817751 -1.0
4.09327515 4.0468195 -1.0
5.61619025 6.0664374 1.0
4.03742281 4.6519281 -1.0
6.1009134  4.1336085 1.0
6.64381805 4.5898330 1.0
6.54527047 5.4546068 1.0
6.46932867 3.2750015 1.0
5.29208179 6.3778415 1.0
3.18677394 4.1894985 -1.0
4.52380557 4.7160129 1.0
6.01035062 6.1120841 1.0
1.62278772 3.0230892 -1.0
2.15513369 2.0940713 -1.0
4.03768109 2.8751168 -1.0
3.26370848 2.5808715 -1.0
7.09021697 6.5262533 1.0
7.3775721  5.5941908 1.0
2.91244026 3.6131767 -1.0
2.98243673 3.9939795 -1.0
4.03337518 1.6844407 -1.0
2.73252682 2.6197087 -1.0
6.65623181 8.2001474 1.0
2.9802762  0.2010912 -1.0
5.84897995 7.1204999 1.0
5.82018785 5.6051399 1.0
5.24229903 5.1611297 1.0
5.931251   5.0556453 1.0
1.71998758 2.9459526 -1.0
6.12679964 5.287762  1.0
4.25259915 2.5432565 -1.0
3.77024505 1.1794374 -1.0
4.43433201 2.2464892 -1.0
5.4576965  4.3356991 -1.0
2.5803699  3.5761163 -1.0
2.60707509 4.4800006 -1.0
7.33280791 5.7430779 1.0
4.2397513  3.5957380 -1.0
2.7339225  3.3820440 -1.0
1.3767666  3.5142882 -1.0
4.28176049 6.8435798 1.0
3.25938454 4.7220080 -1.0
5.90666435 5.3962183 1.0
1.96820502 3.5520253 -1.0
0.92618936 3.8471089 -1.0
3.13716641 2.1395387 -1.0
3.433393  2.997901 -1.0
0.83770111 3.0795230 -1.0
3.01126103 2.5564053 -1.0
3.55112064 1.3779886 -1.0
5.08337787 7.0952508 1.0
4.78695352 5.4798415 1.0
4.61746319 6.7394270 1.0
5.31551115 3.2020954 -1.0
2.85028582 2.5435149 -1.0
8.61223814 4.1635919 1.0
6.87966134 5.8852221 1.0
4.14483186 2.7562245 -1.0
6.55493256 6.5656367 1.0
3.53241045 2.8323230 -1.0
3.93887433 3.3107648 -1.0
2.80377183 3.5210743 -1.0
3.49624566 2.6663873 -1.0
4.25512602 1.9949605 -1.0
6.11796228 6.4580794 1.0
3.87053845 1.7916994 -1.0
4.27362716 6.3679808 1.0
4.61541073 2.5184725 -1.0
2.00419917 2.2822314 -1.0
4.93274238 5.5644892 1.0
6.90960948 5.5231926 1.0
3.27533885 2.5693752 -1.0
2.16160783 3.4414135 -1.0
3.60150368 1.7113735 -1.0
3.04922473 3.6008393 -1.0
5.15740541 4.8931804 1.0
5.96005437 6.4153322 1.0
6.1744628  7.1473067 1.0
6.82777349 5.5963401 1.0
7.17948542 6.4303522 1.0
6.78477155 4.5240428 1.0
4.10917593 3.5211007 -1.0
4.05654069 3.4793854 -1.0
2.63693266 3.8140239 -1.0
5.05213558 7.2449340 1.0
3.4230698  3.6897581 -1.0
4.27675655 5.7330451 1.0
6.47375145 7.0440202 1.0
4.66211599 6.5841655 1.0
4.77946773 6.3347569 1.0
3.45114672 3.2143312 -1.0
4.16380173 1.7322301 -1.0
5.62703532 5.6334609 1.0
5.63358735 7.6903176 1.0
6.56094851 8.3798502 1.0
6.84651895 6.5455815 1.0
2.80516717 5.3120491 -1.0
4.11383743 1.7342805 -1.0
2.7182381  3.9115623 -1.0
7.13206015 5.7768946 1.0
2.4997898  1.8795528 -1.0
2.70068876 2.9420279 -1.0
6.36899704 6.4488229 1.0
7.40507083 3.6582626 1.0
5.68927665 8.0467530 1.0
5.94065122 6.6964340 1.0
6.42497377 5.5433701 1.0
4.44298052 2.7167214 -1.0
6.17762246 4.6562443 1.0
2.95359354 1.0774827 -1.0
2.11956395 1.3535591 -1.0
3.55695128 4.9305919 -1.0
6.92173849 7.2743893 1.0
2.24324534 4.1010386 -1.0
7.04063692 5.0790488 1.0
7.78918306 5.3451978 1.0
6.08007604 6.8087721 1.0
2.48049503 2.4322462 -1.0
4.17092653 3.5753462 -1.0
2.12569547 3.6421561 -1.0
1.1878532  1.8507196 -1.0
6.85138135 7.4482119 1.0
5.17194855 6.3790995 1.0
3.23004158 4.0189485 -1.0
5.71580333 6.3839970 1.0
5.53619297 5.3053293 1.0
2.76268931 3.9002860 -1.0
3.91207088 5.5796189 -1.0
2.89202208 3.4962161 -1.0
2.35064347 3.7014754 -1.0
6.12955753 5.7145778 1.0
5.04706899 7.0125023 1.0
3.42056551 5.4151240 1.0
8.27343953 6.6997815 1.0
6.78275781 5.8791533 1.0
2.97677453 3.9803101 -1.0
4.73353096 6.6491735 1.0
2.98467461 3.6329101 -1.0
4.62764796 6.4458282 1.0
7.52724854 6.5009698 1.0
2.77293539 2.8158576 -1.0
5.81127581 7.7767262 1.0
5.44538887 5.9437967 1.0
4.41189403 6.5330217 1.0
2.52388382 2.4049314 -1.0
4.02914335 2.6441643 -1.0
2.84165624 3.1681291 -1.0
6.79935945 6.8920210 1.0
5.62055533 6.5533066 1.0
4.07883443 2.9331303 -1.0
4.09180901 7.0223385 1.0
7.81855118 5.9693196 1.0
4.78466634 5.0762871 -1.0
4.34850473 6.9097573 1.0
4.51394702 6.5427478 1.0
5.30652743 8.6861738 1.0
6.67908361 6.4681416 1.0
3.67349596 2.1744394 -1.0
5.40332084 5.9079576 1.0
1.0025018 1.831857 -1.0
2.75399913 3.7774861 -1.0
7.45599123 5.4633113 1.0
2.12856321 2.6074599 -1.0
1.75257985 2.3953509 -1.0
2.99751796 3.5533837 -1.0
5.76041784 5.2121780 1.0
3.29912564 1.9741678 -1.0
2.2701703  2.5392524 -1.0
5.2513472  5.5096954 1.0
5.99207049 5.9612917 1.0
5.43840945 5.8360532 1.0
6.3303308  5.5208088 1.0
3.16053989 1.5616525 -1.0
2.24000213 4.3107842 -1.0
2.39159316 2.5939670 -1.0
1.84460017 3.0077574 -1.0
6.14745997 4.8375120 1.0
5.46179455 6.4279227 1.0
7.00020031 4.6933288 1.0
4.50575491 2.5155664 -1.0
5.45126323 6.4747185 1.0
5.51186083 6.6961707 1.0
5.34204079 6.4805627 1.0
5.60721619 6.1701133 1.0
6.75074253 5.9868045 1.0
4.73869684 4.8268444 1.0
4.97706099 6.2087959 1.0
6.47208835 6.1118290 1.0
6.2036765  5.2805770 1.0
5.02536808 5.6579265 1.0
4.89598991 3.9603005 1.0
5.71464232 6.3924617 1.0
4.64463088 6.4584603 1.0
3.19376754 2.9853643 -1.0
5.89578723 4.5806457 1.0
1.8322724  2.4738047 -1.0
1.6095767  2.9557035 -1.0
6.26386753 7.7613937 1.0
5.76956049 5.9139047 1.0
6.98306066 5.8235098 1.0
2.01161236 1.7863072 -1.0
5.08988405 5.7737628 1.0
4.01101297 4.1741892 -1.0
5.88019571 6.0310720 1.0
2.56758456 2.6751538 -1.0
2.16110954 2.6507316 -1.0
2.25498278 3.6082301 -1.0
7.16513778 5.3052299 1.0
2.87116733 2.8729680 -1.0
5.84248301 5.7246427 1.0
2.95609009 3.3971179 -1.0
5.85972564 6.6186037 1.0
1.19267798 2.2373552 -1.0
2.84451882 2.3760144 -1.0
5.29879839 7.9278600 1.0
4.39090434 2.3194544 -1.0
2.93656286 2.6149340 -1.0
6.52659257 6.9999541 1.0
6.16189045 5.1049956 1.0
5.25753338 4.8679355 1.0
4.14273925 3.3328793 -1.0
2.88081899 1.8020643 -1.0
2.04353675 3.1459577 -1.0
2.95258467 4.2071178 -1.0
4.03350753 0.8864111 -1.0
4.48706219 6.5704185 1.0
7.90433592 5.6376468 1.0
5.90747975 5.8918999 1.0
6.69658951 4.8955119 1.0
3.59297176 2.3711368 -1.0
1.9598615  4.5279562 -1.0
5.68003643 5.5849375 1.0
2.8516533  0.6101358 -1.0
3.15454243 4.3198287 -1.0
5.58520469 5.7871327 1.0
7.10989501 5.9431481 1.0
7.46023228 6.4744177 1.0
1.3176883  2.9892141 -1.0
5.9990041  5.0458415 1.0
2.41757374 1.8095754 -1.0
2.69565946 4.6520474 -1.0
5.75129669 6.6623599 1.0
2.24320139 4.2020363 -1.0
2.54111263 1.0923640 -1.0
6.01354612 5.80452   1.0
3.36876721 2.2998243 -1.0
5.47708171 5.8900554 1.0
3.92211269 4.1776546 -1.0
5.15042352 5.0784852 1.0
4.9615912  1.4085157 -1.0
6.5044762  4.4287796 1.0
3.55965907 3.3705557 -1.0
1.46850296 2.5709363 -1.0
6.00119007 5.5524756 1.0
6.04739366 4.8583059 1.0
7.59364139 5.6079769 1.0
5.44541196 5.7895449 1.0
6.20867651 5.1675110 1.0
3.15741531 3.5336102 -1.0
3.39692631 2.5116085 -1.0
3.81771768 2.6360583 -1.0
6.27545309 6.6531787 1.0
4.41986843 6.0943244 1.0
3.71081671 1.5541990 -1.0
5.72700443 7.6529070 1.0
7.16874838 5.8905806 1.0
4.18920555 3.5373308 -1.0
4.7972716  3.2391708 -1.0
3.44413393 2.4916521 -1.0
7.29629213 5.7211124 1.0
6.68029418 6.8995302 1.0
3.58437908 1.9011375 -1.0
4.06930463 5.7557042 1.0
3.46506419 2.3797335 -1.0
3.49930112 3.7023160 -1.0
6.35819576 8.1101690 1.0
3.5735049  1.4411223 -1.0
4.70741025 6.5111230 1.0
3.2482635  3.7513549 -1.0
6.05010123 7.3050867 1.0
5.55018701 7.2532607 1.0
5.31052551 4.4496373 1.0
3.73157839 2.9930130 -1.0
1.68785049 3.2096613 -1.0
0.57049158 2.8281395 -1.0
2.03461129 3.4296600 -1.0
3.88863329 1.2942788 -1.0
6.38039349 6.5771085 1.0
8.45035383 5.0170814 1.0
4.52142209 3.5685535 -1.0
2.1560671 2.33084  -1.0
0.72289669 3.5583175 -1.0
1.41876047 3.2579687 -1.0
5.27202075 2.9420000 -1.0
4.28125793 2.0320110 -1.0
4.51863501 2.6942503 -1.0
2.59269255 3.7751765 -1.0
2.05493759 4.886687  -1.0
2.8194242 1.470615 -1.0
4.82815414 2.4673255 -1.0
6.41556132 6.6013233 1.0
7.75559857 5.8323589 1.0
7.02157506 5.6331108 1.0
4.1295744  6.5408638 1.0
7.21275609 8.3101032 1.0
2.67355644 4.1663795 -1.0
3.69517123 3.1761555 -1.0
6.7314217  5.1223221 1.0
5.49863764 6.0820780 1.0
1.14354441 2.7729677 -1.0
6.26683916 5.8600810 1.0
3.18157313 3.6142769 -1.0
6.79920784 6.4374961 1.0
6.92689877 5.6190386 1.0
6.09088568 7.1121177 1.0
3.37972582 3.3907320 -1.0
2.37567335 2.9613364 -1.0
2.47481033 3.3366226 -1.0
3.17797119 4.4355782 -1.0
6.08273182 5.885208  1.0
6.76870962 7.1640877 1.0
4.87959251 5.7371533 1.0
7.09544028 6.7026003 1.0
5.64629736 6.4319804 1.0
5.68103571 4.8851278 1.0
5.67142137 5.5715114 1.0
3.29416034 3.1597627 -1.0
6.84546757 6.2644156 1.0
3.10903713 1.3410054 -1.0
4.73144076 7.7934435 1.0
7.73737063 7.1254529 1.0
6.44201676 7.2946337 1.0
5.80594899 3.3777846 -1.0
2.31649264 3.4496043 -1.0
7.49136879 5.3147394 1.0
5.60308977 5.7851928 1.0
5.47558286 5.1307475 1.0
7.07232786 8.1220163 1.0
4.15176442 2.5575268 -1.0
4.35676453 5.0830689 1.0
2.82971025 2.4336474 -1.0
7.4799105  5.0180052 1.0
3.78579426 5.4731105 1.0
5.15718527 6.7090803 1.0
3.53675156 2.5783383 -1.0
6.5496874  5.2210346 1.0
8.93137234 5.5900084 1.0
5.67416684 6.0408414 1.0
5.33250696 5.9066510 1.0
5.0394044  6.3165761 1.0
6.70731163 7.5703912 1.0
0.97575522 3.5533003 -1.0
7.10422052 5.6156935 1.0
6.33166069 7.4824600 1.0
0.40159213 1.6607946 -1.0
2.23539408 4.6083967 -1.0
6.10076576 8.2427273 1.0
7.32677544 5.6762326 1.0
4.13991649 3.6075643 -1.0
4.10037888 2.8057305 -1.0
6.09343454 5.3280248 1.0
7.91267923 6.1447314 1.0
3.66429317 5.7530264 -1.0
2.4989052  2.4286453 -1.0
7.10789366 5.5415484 1.0
8.05825878 5.5966510 1.0
1.76997577 2.9072099 -1.0
3.29652758 5.0266013 -1.0
7.53223648 5.2088578 1.0
4.18775547 2.8512891 -1.0
7.24825409 3.3122711 1.0
6.59582651 7.6148767 1.0
4.56349645 6.7421381 1.0
3.59674004 3.7972347 -1.0
3.14364606 4.3078309 -1.0
6.4369631  5.2609596 1.0
2.64917616 4.3735544 -1.0
2.27575903 1.6393797 -1.0
3.77448274 3.1007529 -1.0
6.58281938 6.1986050 1.0
3.7160104  4.2750275 -1.0
7.38192467 5.7798278 1.0
6.55876483 5.7011152 1.0
3.1773403  4.0470458 -1.0
1.66171463 3.1804432 -1.0
6.73497629 6.2284256 1.0
7.18432368 7.6470505 1.0
4.8728015  6.6778754 1.0
7.30080997 6.6149977 1.0
5.85358142 5.3024343 1.0
5.81952532 7.2000583 1.0
2.91972981 2.8409841 -1.0
7.3112622  6.4470686 1.0
4.57134919 5.2961429 1.0
2.11797697 4.1305955 -1.0
4.0990109 6.320635 1.0
6.39629935 5.4559276 1.0
6.25380129 5.8341025 1.0
3.28410939 1.9793826 -1.0
6.06087021 6.3481409 1.0
4.9076715  5.0440442 1.0
4.19740718 0.5416518 -1.0
6.30776841 6.8955947 1.0
2.47172326 3.5258620 -1.0
5.17534873 5.1014324 1.0
7.50259829 4.9604471 1.0
4.37670024 5.7061341 1.0
5.76049003 6.2456584 1.0
1.86624497 2.4453238 -1.0
6.92549259 5.7694208 1.0
5.39050645 5.4024676 1.0
3.25473822 3.9666932 -1.0
6.85234635 6.1596206 1.0
3.82088828 2.5937867 -1.0
3.93195692 4.1846576 -1.0
1.60920005 2.6764374 -1.0
4.17401785 1.3398827 -1.0
2.91166616 3.4465487 -1.0
4.89338447 7.2807212 1.0
6.75590635 4.0090969 1.0
3.0900225 3.345053 -1.0
3.69057067 2.6053102 -1.0
4.98130456 5.9846060 1.0
2.7629324  2.5137756 -1.0
5.76635606 6.8004006 1.0
7.31931218 6.0737166 1.0
2.23600386 2.6169933 -1.0
3.1944533  2.5550621 -1.0
0.15538295 3.1054068 -1.0
4.90876545 6.4154700 1.0
6.56954664 5.1680819 1.0
5.66823428 5.4148117 1.0
6.0573779  6.8374697 1.0
4.36787097 5.1206364 1.0
4.00976651 1.8761461 -1.0
6.0860885  6.5696376 1.0
2.08369669 4.2146330 -1.0
3.93519458 3.1902110 -1.0
8.13880254 6.5249733 1.0
3.14992206 2.9532673 -1.0
2.76827102 4.0778575 -1.0
8.0418559  6.3336805 1.0
4.97518008 7.1338700 1.0
3.86623087 5.5620689 -1.0
6.71855946 6.2905537 1.0
2.56282587 2.6346668 -1.0
5.02434318 6.0665467 1.0
4.85958928 6.6111346 1.0
3.35682215 2.9850671 -1.0
3.11413305 3.5536682 -1.0
6.26743734 6.3418365 1.0
4.20432912 3.0020416 -1.0
4.71167128 2.2234302 -1.0
6.16418385 4.7972356 1.0
6.67502272 5.7712253 1.0
5.65280254 5.9607155 1.0
8.10567769 6.2077209 1.0
3.35492846 4.0377305 -1.0
3.68516623 4.7490770 -1.0
4.82184632 3.5185276 -1.0
5.40848694 7.7493870 1.0
5.1698073  4.6654805 1.0
5.48855393 3.9849010 1.0
2.10336534 3.4578965 -1.0
3.84313671 6.1740560 1.0
3.36626746 2.5424661 -1.0
5.94871888 6.4243873 1.0
5.12423027 5.3552313 1.0
 4.29821136 -0.1459142 -1.0
3.33694793 3.1589946 -1.0
3.23352446 5.8460571 -1.0
4.5365968  2.0440535 -1.0
6.0420669  6.9618824 1.0
2.26534128 3.3741320 -1.0
5.60079997 4.7629637 1.0
6.3569554  7.5786997 1.0
6.3541258  6.0750831 1.0
4.16991017 2.5639240 -1.0
3.09257925 3.4349749 -1.0
4.27746581 2.0253636 -1.0
5.3502938  5.7967675 1.0
1.91105195 2.8517957 -1.0
5.87999286 4.5135331 1.0
3.28274708 2.2900389 -1.0
1.65084691 3.0093595 -1.0
7.77970175 5.4310564 1.0
3.31286221 2.6883113 -1.0
0.84710886 3.2840308 -1.0
3.51299375 2.5887241 -1.0
2.11668384 2.7340851 -1.0
4.36251961 4.5713122 -1.0
4.93110304 6.7518903 1.0
6.70788655 5.314137  1.0
7.10112109 6.5628464 1.0
5.51214051 6.4020829 1.0
6.62207521 6.8677154 1.0
3.01068698 3.4332822 -1.0
7.25943082 5.5015741 1.0
5.41019509 6.5203974 1.0
6.71801874 6.0428207 1.0
2.69809041 1.3088870 -1.0
6.76439735 4.0756320 1.0
4.02756715 2.5822192 -1.0
7.22633437 5.0306475 1.0
2.58580085 3.3832617 -1.0
3.9968331  3.6062548 -1.0
5.54516872 7.4432074 1.0
3.17703487 2.5140747 -1.0
7.13795439 5.7594069 1.0
5.07582304 4.4667084 1.0
5.20550333 0.9406918 -1.0
1.22802067 2.5886371 -1.0
4.02598564 4.7078885 -1.0
6.88961608 4.6267235 1.0
3.4568973  2.5521811 -1.0
2.66109505 4.2691637 -1.0
1.93975848 2.4485882 -1.0
3.51166247 2.6168449 -1.0
6.55427401 5.5832653 1.0
3.66816308 3.1203509 -1.0
0.67925784 4.0183878 -1.0
6.59908945 4.0230608 1.0
5.32332536 6.1854674 1.0
5.70408423 5.8348905 1.0
7.20244871 7.0004918 1.0
5.50472674 6.3974322 1.0
5.92280844 5.7089931 1.0
4.08071909 2.3427335 -1.0
2.28676597 4.6269508 -1.0
2.17765086 0.6351110 -1.0
3.50236633 3.6822298 -1.0
6.00600732 6.0261975 1.0
3.87914034 1.3911543 -1.0
3.49712186 1.8801368 -1.0
5.89541404 5.6461435 1.0
2.42422443 3.3865989 -1.0
3.4450684  4.1718123 -1.0
7.33804928 3.8742960 1.0
6.5266188 4.284495 1.0
4.75316241 6.3052614 1.0
4.29674417 2.0783920 -1.0
7.2660863  3.8158456 1.0
6.09639696 4.2225964 1.0
5.2555829  4.5127095 1.0
6.86547877 5.0677826 1.0
3.2619149  3.6971072 -1.0
3.47883703 2.4190812 -1.0
3.52729349 5.5057752 1.0
5.48486878 5.4848555 1.0
3.40344455 1.6593058 -1.0
5.24840301 4.2528712 1.0
4.16261159 3.3691337 -1.0
1.06982278 3.1373728 -1.0
3.89711306 3.4796796 -1.0
5.39038386 6.1011191 1.0
1.48187726 2.8243598 -1.0
5.87498753 4.9472520 1.0
7.10713115 5.2665188 1.0
3.71515344 4.8928916 1.0
1.85520417 2.4129332 -1.0
6.86333104 4.6305649 1.0
3.74709193 3.7681527 -1.0
3.72868268 4.6666312 -1.0
5.07323728 7.0095842 1.0
3.32495193 3.6393498 -1.0
5.58173543 6.7314201 1.0
5.1697581  3.0978667 -1.0
1.75022039 3.5950140 -1.0
5.63415036 6.6369361 1.0
3.71251551 1.8215506 -1.0
6.40145651 7.1535220 1.0
2.9315374  2.2678054 -1.0
3.0205341  2.3779754 -1.0
2.67030832 5.8186905 -1.0
3.36261867 2.8864831 -1.0
2.0915125  3.6122172 -1.0
7.02950773 6.1062320 1.0
4.03079747 4.3543668 -1.0
2.78651749 1.6963688 -1.0
5.31296821 5.750844  1.0
5.74351844 2.7508205 -1.0
5.35835988 4.4423152 1.0
2.70093067 2.9430351 -1.0
2.3271879  2.4491195 -1.0
6.46836308 4.9180917 1.0
1.97619845 1.8365526 -1.0
3.45998786 3.2459085 -1.0
3.16915506 2.3563245 -1.0
5.95726351 5.5891068 1.0
6.0954521  6.0361997 1.0
5.41999473 5.0869989 1.0
2.48941534 3.2897282 -1.0
6.42264457 6.9968856 1.0
3.80270133 3.0457199 -1.0
3.60033648 2.6921910 -1.0
5.87934667 7.1855086 1.0
2.69256756 2.9158717 -1.0
3.78909372 2.8371060 -1.0
0.706675   1.8485249 -1.0
1.62891897 2.0788035 -1.0
6.31356637 5.8618141 1.0
3.04645248 2.5466986 -1.0
0.95692596 2.6033268 -1.0
2.35995163 4.1905639 -1.0
5.627054   4.4844949 1.0
5.86037915 6.0306947 1.0
3.35701575 2.2483643 -1.0
5.52093144 4.4331560 1.0
4.90983814 5.5363439 1.0
2.93163941 2.7140018 -1.0
3.52086892 3.8593011 -1.0
3.46468785 2.7511008 -1.0
5.92976603 4.5666061 1.0
3.61717623 2.2087718 -1.0
3.07926136 2.301145  -1.0
4.78801056 5.3765556 1.0
5.80722555 6.2332203 1.0
2.36610288 4.8848068 -1.0
5.03073402 5.4004899 1.0
3.66252468 2.2798013 -1.0
4.73716813 8.0930418 1.0
6.17685867 5.9103711 1.0
6.28750849 6.1846429 1.0
2.75846908 3.7881310 -1.0
3.17977389 3.3496679 -1.0
2.11023253 4.7793419 -1.0
2.63064074 1.6113080 -1.0
1.46537272 4.0146948 -1.0
5.04270574 6.6390791 1.0
6.66461564 5.3262217 1.0
3.73490767 3.1831352 -1.0
6.19029954 6.9128419 1.0
3.91040246 2.9199735 -1.0
5.89278955 5.6830849 1.0
4.51363038 2.9182168 -1.0
4.322524   3.2748771 -1.0
5.91976935 5.9196983 1.0
4.77162891 7.6692026 1.0
8.47470895 7.0660816 1.0
5.58639557 5.8412456 1.0
4.9507253  6.9020744 1.0
6.75930369 5.4623368 1.0
7.71269409 7.0113193 1.0
2.81810963 1.6742837 -1.0
5.41827088 5.4589355 1.0
7.08128891 5.9505818 1.0
5.68686922 5.4248172 1.0
1.97724316 3.7984897 -1.0
2.09392954 1.3209176 -1.0
7.96369116 5.9391304 1.0
5.8362035  5.3998760 1.0
7.56640717 6.3040964 1.0
5.58441363 7.2253052 1.0
5.43598605 4.6682905 1.0
2.40121215 1.7829714 -1.0
6.63439229 4.7129257 1.0
2.44275418 2.3023279 -1.0
2.89876045 3.5014804 -1.0
6.17035253 6.6352977 1.0
7.10366904 6.9387002 1.0
2.72456824 3.9592700 -1.0
7.41467672 7.5250070 1.0
4.97731367 7.2520785 1.0
3.75823803 4.1298612 1.0
5.94671809 6.5073181 1.0
6.23003101 4.8701380 1.0
2.94810197 1.3485167 -1.0
7.07063889 5.7325376 1.0
6.50875813 4.1072455 1.0
6.92792184 4.7782548 1.0
1.43112661 4.0616585 -1.0
2.19091389 2.3532089 -1.0
3.76123425 0.5483404 -1.0
2.91971127 3.1619934 -1.0
5.91063483 4.9921293 1.0
3.73703623 2.6356330 -1.0
6.24772058 5.1275065 1.0
2.28171785 4.9535625 -1.0
5.70264661 3.0794249 -1.0
3.45435902 2.3456242 -1.0
4.88937424 2.8363863 -1.0
6.00739146 5.4411800 1.0
2.0342971  2.5151798 -1.0
2.44226818 5.3338768 -1.0
2.05871262 1.9195741 -1.0
7.01318031 5.7359802 1.0
6.045066   5.7152917 1.0
5.57911825 5.6458222 1.0
1.33830695 2.7747324 -1.0
3.30538913 3.3826125 -1.0
3.02085424 1.6503933 -1.0
5.68220025 5.9691161 1.0
1.71724758 4.0149855 -1.0
8.08385229 5.3689835 1.0
3.55427128 3.4613284 -1.0
3.0747967  3.4164245 -1.0
0.70849641 2.3722105 -1.0
1.17046407 2.5605007 -1.0
5.84785716 5.7625749 1.0
5.70603737 6.2397654 1.0
7.50084853 5.5442116 1.0
6.05707128 2.6663970 -1.0
1.82645509 3.4906624 -1.0
2.2541908  1.9374823 -1.0
5.77280821 7.5258671 1.0
3.00943899 5.8014806 1.0
5.28576578 6.0078410 1.0
7.20593938 6.0044904 1.0
4.54700766 2.2263906 -1.0
5.08015601 3.5805634 1.0
6.04802001 4.7423204 1.0
6.93536063 5.9063809 1.0
3.25054001 2.5603456 -1.0
3.00186498 2.0391954 -1.0
3.05039866 2.6951662 -1.0
3.89921516 5.5677431 1.0
6.25362219 5.9373892 1.0
2.46652969 2.3645242 -1.0
5.58142589 5.8617507 1.0
6.35655974 6.2005525 1.0
3.29495149 4.0544532 -1.0
2.60118696 4.2515192 -1.0
5.84442771 5.7220365 1.0
3.42806385 2.2565942 -1.0
6.42421449 5.2676024 1.0
6.16456979 6.7531724 1.0
7.74156869 6.0932701 1.0
3.62383674 3.6865415 -1.0
3.13986522 3.5301703 -1.0
5.85293574 6.5312861 1.0
2.25993897 4.2643915 -1.0
7.31479112 6.4428661 1.0
3.22481891 4.9467995 -1.0
2.98860944 2.9837930 -1.0
5.68050962 4.3150792 1.0
4.83310801 4.7791335 1.0
3.03948914 1.3460552 -1.0
7.14522763 6.9096240 1.0
5.72211676 8.3874107 1.0
6.60573027 6.6930646 1.0
6.77058325 5.4455399 1.0
4.71816232 4.1473758 1.0
5.58293517 4.9503159 1.0
3.03430785 1.0971288 -1.0
5.81691693 2.1175063 1.0
3.93236222 6.2875250 1.0
4.08067194 5.4189559 1.0
6.25142183 5.6057152 1.0
6.05171331 7.1907501 1.0
6.11961205 5.9116553 1.0
1.42659377 2.8969821 -1.0
5.91258693 6.5881362 1.0
6.30961399 6.1331609 1.0
3.4241371  3.5016512 -1.0
2.7746773 3.991258 -1.0
0.47627331 2.1921775 -1.0
2.21493761 2.5319473 -1.0
3.85506587 7.4920871 1.0
5.09978594 7.4460452 1.0
5.53004001 7.3824341 1.0
3.20462553 1.1331364 -1.0
4.59942899 3.4730847 -1.0
6.63297197 6.3171435 1.0
6.08456077 5.5093979 1.0
5.72616608 4.9939752 1.0
3.20668116 4.1807359 -1.0
2.60722238 3.1775076 -1.0
7.69783567 5.6858104 1.0
7.13893908 5.8395702 1.0
5.23422547 5.8251322 1.0
5.8663052  5.1199533 1.0
2.32571034 4.8574852 -1.0
5.14751377 6.1752477 1.0
 3.23601169 -0.2899026 -1.0
1.40467681 3.2636920 -1.0
1.2360879  1.9810873 -1.0
4.29586693 1.9667680 -1.0
3.61574879 1.9785179 -1.0
4.40026234 4.7885034 1.0
3.4460797  2.5273339 -1.0
6.73400819 5.8917325 1.0
0.36169704 3.1582122 -1.0
3.11524865 3.0415244 -1.0
2.74488565 1.2945585 -1.0
4.00952258 2.2787553 -1.0
5.39491596 7.9073651 1.0
8.56417493 7.1605662 1.0
6.95200882 5.0839790 1.0
3.26661267 1.9033912 -1.0
3.00089214 3.3027489 -1.0
1.7780476  1.4606907 -1.0
6.03001882 5.9590962 1.0
6.37865916 5.0786711 1.0
6.18507426 6.9917185 1.0
2.29170122 3.7196753 -1.0
4.90271847 6.9659622 1.0
5.19707876 5.2685219 1.0
5.20837624 3.4545785 -1.0
2.57915502 1.8827623 -1.0
3.59399125 3.4563703 -1.0
6.16377765 5.8386189 1.0
5.76826836 5.0865876 1.0
6.88642032 7.4624906 1.0
6.71588686 5.3999017 1.0
2.00181338 3.3327648 -1.0
5.94543152 3.6058897 1.0
3.24766474 1.2969350 -1.0
2.88800001 3.1123573 -1.0
3.74211629 1.6394254 -1.0
2.64334132 3.5655930 -1.0
7.03861656 6.6345510 1.0
2.25165628 3.2333124 -1.0
4.83442737 6.3745497 1.0
4.20486717 4.6939458 -1.0
1.83099077 3.9411434 -1.0
5.57723085 5.7403986 1.0
5.11227259 4.3951002 1.0
3.06702673 3.2537357 -1.0
6.44477124 5.2539352 1.0
5.20218156 6.2434084 1.0
6.68664329 5.1744046 1.0
3.47153902 2.4911979 -1.0
2.49080374 3.6222143 -1.0
4.25492716 6.3417378 1.0
4.04441833 2.0018227 -1.0
1.16940011 2.8153277 -1.0
5.12515794 7.6714693 1.0
5.88753057 4.0259176 1.0
5.35295641 5.4603736 1.0
1.84419324 3.5924817 -1.0
7.60740085 7.6233587 1.0
2.60856055 2.7523756 -1.0
2.89658645 2.5804294 -1.0
0.71601014 4.0187287 -1.0
4.42673737 7.7823069 1.0
7.45276123 5.9541682 1.0
0.70910523 2.2248454 -1.0
4.19510622 6.6348957 1.0
3.17069848 2.4266449 -1.0
2.71637822 1.5287364 -1.0
4.20557861 3.6385806 -1.0
2.73381167 1.4592042 -1.0
1.98981492 4.6196762 -1.0
7.03138193 5.7803807 1.0
6.58542884 4.4072426 1.0
4.63845731 2.5139330 -1.0
0.63698751 1.9708462 -1.0
6.66589001 6.9441011 1.0
6.22811144 5.4987400 1.0
3.21246412 1.6124280 -1.0
1.6946404  4.2200640 -1.0
5.67623494 6.3365273 1.0
3.64307435 2.1148056 -1.0
4.59495436 3.9282372 -1.0
5.12986932 5.6091522 1.0
4.52061573 4.3651642 -1.0
1.97947858 3.7409567 -1.0
7.52901784 6.3200127 1.0
4.74830126 6.0615123 1.0
3.00648134 5.4715229 -1.0
4.75768316 2.9187068 -1.0
6.62063075 5.1131780 1.0
6.80310973 5.3285028 1.0
5.91879786 6.5948785 1.0
1.22227115 2.7159260 -1.0
6.43281953 4.5540470 1.0
5.55312788 5.1854677 1.0
2.50174921 2.2331245 -1.0
5.73054667 4.6585301 1.0
5.28057775 7.3523367 1.0
0.92360716 2.6924550 -1.0
2.88168709 2.4905284 -1.0
6.61511055 5.4301857 1.0
2.97234644 2.8678847 -1.0
6.18366203 7.6574058 1.0
3.00182307 3.2159013 -1.0
6.64779798 5.5991834 1.0
3.36717234 1.2737130 -1.0
8.14223026 6.5843543 1.0
5.9905547  7.0679797 1.0
5.51668316 6.2105057 1.0
7.70885547 6.3136835 1.0
5.78368426 7.8073618 1.0
5.02827154 4.1086803 -1.0
6.10506988 6.5665216 1.0
3.02784622 3.1644953 -1.0
3.79832975 6.7414067 1.0
3.37843908 3.7390441 -1.0
5.17255986 1.2980504 -1.0
2.82605348 1.8828532 -1.0
1.73734379 1.8877363 -1.0
5.31096055 2.0524887 -1.0
8.65443097 6.8921119 1.0
2.73042369 2.5230690 -1.0
6.59558448 5.6072578 1.0
1.6534284  1.9560280 -1.0
5.45550833 7.7780626 1.0
6.11994621 5.4982344 1.0
4.97173021 7.6329869 1.0
4.71672098 3.0174881 -1.0
6.99618098 6.3696774 1.0
6.38587186 3.3779084 1.0
5.33852882 5.7384701 1.0
6.39118107 5.7027461 1.0
1.93785078 3.7927867 -1.0
3.71838138 3.5521248 -1.0
4.06640381 3.7462038 -1.0
3.26860386 1.6049431 -1.0
4.4854778 5.717531 -1.0
2.44536445 2.5713151 -1.0
7.32013075 6.2600287 1.0
1.82409629 0.4094169 -1.0
5.85283925 4.4132574 1.0
3.55374456 2.9915810 -1.0
8.15905263 5.3081410 1.0
5.68452744 5.7418161 1.0
3.54580375 6.0971055 1.0
5.36232779 7.2756427 1.0
4.93206798 7.4587188 1.0
5.25613967 5.5357439 1.0
3.92863345 3.970539  -1.0
3.58435084 3.5137548 -1.0
5.60732035 5.4305958 1.0
4.02149551 4.3461521 -1.0
5.20643227 4.2148796 1.0
5.56340218 3.7982393 1.0
5.27102326 2.8497339 -1.0
3.10258004 2.8684274 -1.0
5.99554377 6.4661458 1.0
6.34312598 4.9578016 1.0
3.44113776 4.0933736 -1.0
2.82438651 2.9336180 -1.0
5.2847439  2.6209544 -1.0
6.45982206 6.9385823 1.0
2.39862143 2.6643637 -1.0
6.65833312 6.3248415 1.0
1.50937732 2.7328798 -1.0
2.49912926 0.5248073 -1.0
6.31570196 6.0580871 1.0
6.6205917  6.2267334 1.0
3.06476897 2.3565964 -1.0
2.50434479 2.2271171 -1.0
4.7618678  6.6181570 1.0
2.64789313 2.6986824 -1.0
4.53130756 3.6229242 -1.0
6.86486321 7.3104393 1.0
6.65353741 5.3709961 1.0
2.46257024 3.6705965 -1.0
2.57402892 3.0113022 -1.0
2.67573986 2.3711547 -1.0
4.01342749 4.1111250 -1.0
5.85542883 6.2795167 1.0
2.90121146 1.3057289 -1.0
5.5883812  4.0808374 1.0
1.07168562 1.9168006 -1.0
3.18803056 2.0417321 -1.0
2.11163369 2.3110815 -1.0
4.78795131 7.0831470 1.0
3.37332919 3.1927633 -1.0
1.93931092 3.6666903 -1.0
4.04903788 4.549007  -1.0
4.12265812 3.7813687 -1.0
7.05784268 5.8028077 1.0
4.09694873 2.9270900 -1.0
3.46815344 3.1206244 -1.0
5.19350681 5.4972428 1.0
6.36147889 4.2544859 1.0
4.53834098 6.0873934 1.0
2.67983038 2.5786006 -1.0
5.77091857 4.8173757 1.0
5.78979006 4.811511  1.0
5.56646166 5.2021480 1.0
6.10964295 3.8582321 1.0
6.40247168 5.6126440 1.0
1.65137023 0.9799194 -1.0
2.31348651 5.1155536 -1.0
3.21106306 1.3348685 -1.0
5.32571027 4.2401532 -1.0
6.8402418  7.5689335 1.0
1.80666167 3.0824015 -1.0
2.00362582 3.3885530 -1.0
6.12738344 5.8154122 1.0
2.98595935 3.5818671 -1.0
1.94147513 3.2454969 -1.0
3.55935787 4.1525666 -1.0
2.99285749 3.2623940 -1.0
7.0197574  6.7277701 1.0
6.20892515 6.8497738 1.0
2.98108305 5.8601025 -1.0
1.66583559 4.3882706 -1.0
3.1274803  3.4345119 -1.0
6.520564   7.2956779 1.0
2.57879009 4.2644988 -1.0
4.74603729 7.1655191 1.0
3.2559042  1.4716228 -1.0
6.46607736 5.5615484 1.0
1.68014169 1.9805593 -1.0
6.9806258  6.1525733 1.0
6.15189938 5.6495081 1.0
4.97258887 6.1325004 1.0
3.15349132 3.3070912 -1.0
3.84422456 3.4338729 -1.0
6.13722259 6.8847889 1.0
8.00961978 5.8168715 1.0
5.33481286 6.0047724 1.0
3.90782916 3.7046064 -1.0
2.13767272 3.3660765 -1.0
2.79283109 3.2726282 -1.0
6.93786224 6.7673760 1.0
2.6754064  4.5321636 -1.0
3.57926277 3.6629226 -1.0
7.28519629 7.1869317 1.0
4.08639683 1.7512644 -1.0
3.21023048 2.4570059 -1.0
4.69289422 5.6777159 1.0
7.27084233 6.5618212 1.0
3.04783766 3.7632850 -1.0
3.0814338  3.5446839 -1.0
4.09079709 3.0800638 -1.0
2.81722822 3.3811349 -1.0
3.61108928 0.5178248 -1.0
4.64336252 4.5291998 1.0
2.81623675 4.3485336 -1.0
4.69262795 3.8258911 -1.0
3.94351502 2.5612589 -1.0
6.80501247 5.5593957 1.0
3.86903798 3.9137083 -1.0
5.819422   5.0708608 1.0
2.66196784 3.4003311 -1.0
5.28421483 6.0271443 1.0
2.0637975  4.0481456 -1.0
4.42058778 4.7460226 1.0
6.83370135 5.9754709 1.0
6.32381389 6.6920661 1.0
5.95379198 4.9744819 1.0
2.78524679 4.7059146 -1.0
4.48212936 2.3444409 -1.0
2.53251455 1.9194542 -1.0
1.99728958 3.5647970 -1.0
5.39884543 5.3214633 1.0
4.55945486 2.6864978 -1.0
5.18129405 7.1649606 1.0
7.0696535 5.594718 1.0
3.5501     3.4857458 -1.0
3.01958259 3.9403723 -1.0
2.24115091 2.3296375 -1.0
2.45756565 2.2623511 -1.0
4.60175724 4.8367132 -1.0
4.71138987 7.3401097 1.0
6.44734662 7.0447139 1.0
4.50266926 6.0098708 1.0
2.80490595 2.8424275 -1.0
4.70337244 1.9186049 -1.0
7.38392204 5.4176073 1.0
5.19159782 5.5085499 1.0
2.64346806 0.7717916 -1.0
2.11184752 4.9777364 -1.0
6.32791197 5.1547311 1.0
4.37606042 3.3354915 -1.0
6.10728515 6.7337806 1.0
3.96289915 1.7185966 -1.0
6.54922101 5.0291279 1.0
2.30161342 2.6547612 -1.0
3.43089961 3.6008325 -1.0
3.72250531 5.7636081 1.0
4.69660391 1.8292266 -1.0
6.17605425 5.7360530 1.0
6.41765892 7.8868510 1.0
6.82807952 5.5116629 1.0
5.76588617 6.9859137 1.0
5.67388206 6.2361963 1.0
3.99385305 2.7819858 -1.0
2.35182764 2.7609271 -1.0
7.31459857 5.0014385 1.0
3.54254032 6.6693358 1.0
2.56720008 3.6569324 -1.0
4.56514279 7.0844625 1.0
3.85433658 6.7144878 1.0
6.20520351 7.4631813 1.0
5.92869492 6.9444119 1.0
5.89796296 7.9560007 1.0
6.51681572 6.3548122 1.0
6.79734218 6.3361543 1.0
5.4932002  6.8663425 1.0
7.19421492 5.4903199 1.0
4.31825196 2.5624290 -1.0
5.74039563 6.4003599 1.0
2.17852617 1.1907968 -1.0
4.7837137 5.688304 1.0
3.3400865  4.2634564 -1.0
6.6184724  5.1975453 1.0
1.97753251 5.1803827 -1.0
6.16017363 6.9603429 1.0
5.86186557 6.5544917 1.0
2.97908208 5.103289  -1.0
6.20507429 5.8524352 1.0
7.99694546 5.5290851 1.0
5.14038183 6.5956953 1.0
5.62007759 6.9202215 1.0
6.10960469 6.2823031 1.0
1.62553629 3.8730885 -1.0
3.32706408 3.6224577 -1.0
2.01746012 4.1109040 -1.0
2.68557689 2.9663737 -1.0
2.43671044 3.7648264 -1.0
6.42815543 6.9303638 1.0
5.78001205 6.3614909 1.0
7.10653853 6.1858645 1.0
6.62351568 5.8802225 1.0
3.12175415 3.3076300 -1.0
6.01173081 4.8589800 1.0
3.91024685 4.7707899 -1.0
3.55601633 2.4528615 -1.0
4.50589217 4.3310420 -1.0
2.80077311 2.0108163 -1.0
2.58125809 0.7806731 -1.0
5.70674134 6.0586900 1.0
2.99408374 2.6256156 -1.0
3.85779363 4.5207893 -1.0
5.34819762 5.2413340 1.0
2.09501267 4.8861461 -1.0
3.67912763 3.3637214 -1.0
5.92650316 4.5235935 1.0
6.01323916 6.2874382 1.0
3.61435561 7.9149354 1.0
5.64142866 4.3486915 1.0
7.05697608 6.0162805 1.0
3.76407149 4.5080126 -1.0
6.61665949 6.5084299 1.0
5.51608032 4.9732153 1.0
3.8642535  1.4543926 -1.0
1.96679205 3.5346333 -1.0
2.90711089 3.4007199 -1.0
1.84544369 3.7928787 -1.0
5.7207551  6.3623770 1.0
6.04775541 4.0934988 1.0
5.33175319 7.1089993 1.0
1.01243013 4.9604793 -1.0
5.7804372  5.9610850 1.0
4.50064001 1.3768626 -1.0
1.90730168 3.0279136 -1.0
6.01270292 3.5221423 1.0
4.89013946 5.9742033 1.0
6.0400716  7.2241639 1.0
3.4699852  2.3549743 -1.0
4.54208441 5.2201854 1.0
3.11386876 3.4552444 -1.0
4.68407822 3.7988244 -1.0
6.28941976 4.8098067 1.0
3.02074749 2.8074110 -1.0
0.94635136 1.9969267 -1.0
6.3127177  6.9243450 1.0
5.60554101 5.6841014 1.0
2.44746716 1.8777623 -1.0
1.24669784 2.5680663 -1.0
3.30973547 5.3936373 1.0
4.93064594 4.5327305 1.0
7.74761649 5.5514205 1.0
5.04809779 7.0009507 1.0
3.75429735 2.6419415 -1.0
3.49957453 3.0051083 -1.0
5.67152065 5.7288193 1.0
6.34069315 8.3477683 1.0
2.62520363 2.9249297 -1.0
6.22332484 6.9770259 1.0
5.88269683 6.2834708 1.0
6.1190787  8.3475354 1.0
3.73133581 3.7687505 -1.0
3.11795753 3.0227929 -1.0
4.3344411  2.2254541 -1.0
5.39680134 5.4168164 1.0
3.22858177 7.7947579 1.0
2.19718446 5.1190672 -1.0
6.19469306 6.9406416 1.0
1.87203615 2.3570918 -1.0
2.33435531 2.2345238 -1.0
5.41966084 5.1852804 1.0
2.52228446 3.3282321 -1.0
3.27876384 2.4470760 -1.0
3.36596596 2.6792097 -1.0
3.04821074 2.9324300 -1.0
2.64767115 2.7130547 -1.0
3.80095622 3.5156943 -1.0
3.58206353 2.4329049 -1.0
5.98574556 7.0232804 1.0
3.59665578 3.0397446 -1.0
2.51498297 3.2714239 -1.0
4.042269   3.6679386 -1.0
5.88657771 4.7822940 1.0
6.20295797 6.9324890 1.0
5.32321971 4.9960418 1.0
6.97382708 7.1703610 1.0
4.71241517 5.3011568 1.0
4.84746281 5.6097878 1.0
5.67753178 5.6106391 1.0
6.55374023 7.4717763 1.0
5.49943873 6.2973814 1.0
1.96905914 0.8775929 -1.0
2.38834603 2.5193071 -1.0
7.23814799 5.4638593 1.0
4.42157519 4.0515832 1.0
5.2919523  6.0027717 1.0
2.84514991 3.9085371 -1.0
4.68213135 6.9070804 1.0
5.50746693 7.5257930 1.0
6.42066529 5.3197307 1.0
6.62442827 5.5472952 1.0
5.20400924 4.1060653 1.0
7.65678899 4.3103971 1.0
6.27248672 6.2456492 1.0
4.68021785 5.9430598 1.0
6.79690719 5.9600691 1.0
5.24581428 6.2993279 1.0
0.63511681 3.1532899 -1.0
6.7154453  6.1078466 1.0
6.2080983  4.9132046 1.0
5.5300056  5.6434866 1.0
5.09338794 7.0627699 1.0
3.48643498 2.0172709 -1.0
1.39692812 2.6161106 -1.0
2.91426001 2.6016747 -1.0
6.56184432 7.2832289 1.0
4.9107595  3.0987657 -1.0
5.83691222 4.4642947 1.0
2.92279964 2.8115704 -1.0
5.99179844 5.5002775 1.0
2.25160092 5.023001  -1.0
3.86567388 5.3466089 1.0
4.01323866 6.7964424 1.0
3.32632492 2.8403143 -1.0
3.56895331 1.7523949 -1.0
2.80193132 3.3748092 -1.0
2.36178222 3.6522421 -1.0
3.7353699  3.5706482 -1.0
5.5959479  6.6251427 1.0
5.0631377  6.7932450 1.0
5.07250715 4.9730118 1.0
2.25353038 3.1637038 -1.0
3.10347609 2.6890471 -1.0
6.05640331 7.3391716 1.0
6.69840281 6.7404964 1.0
4.11645529 1.9046815 -1.0
6.85343016 6.6152792 1.0
3.67029183 1.9708632 -1.0
3.61580349 5.6910098 1.0
3.10797258 3.6048758 -1.0
3.15685737 1.7294139 -1.0
6.50352525 5.7044498 1.0
5.29142789 7.4573177 1.0
5.83906425 6.1913912 1.0
2.14968886 2.1500904 -1.0
2.946352   3.1863765 -1.0
7.0616433 4.718369 1.0
4.15148375 3.2004915 -1.0
6.75281054 5.0863815 1.0
5.59021137 5.2783482 1.0
5.56690177 6.5229004 1.0
6.69220223 6.2975605 1.0
2.1459344  3.8998680 -1.0
5.38764773 6.7078784 1.0
2.94199044 2.8945588 -1.0
4.59678837 4.0785516 -1.0
1.64323158 3.6047976 -1.0
4.76522835 3.7663873 1.0
6.10942315 5.5244926 1.0
4.36395299 3.0161085 -1.0
7.82551728 6.8964278 1.0
5.60693591 6.5537050 1.0
5.69536991 6.5035708 1.0
6.11983571 5.3314172 1.0
2.50403835 3.2372464 -1.0
1.79371587 4.3435089 -1.0
5.07437829 5.5822033 1.0
5.02704476 2.4986461 -1.0
4.55395622 3.2641449 -1.0
5.77396308 6.2964945 1.0
4.80971273 6.9044763 1.0
2.97903713 2.8437663 -1.0
1.57402269 0.1927479 -1.0
2.86933926 0.6107050 -1.0
2.45051472 2.7707767 -1.0
3.28198808 4.5011281 -1.0
6.98934051 5.3011665 1.0
3.9746057  1.4530165 -1.0
1.6226045  3.4067265 -1.0
5.5738708  6.4014048 1.0
4.94680552 7.8743322 1.0
6.73014045 6.8903418 1.0
6.93136964 4.2919506 1.0
2.52809303 1.6666343 -1.0
4.14543648 6.9645977 1.0
3.76211421 3.1298066 -1.0
7.80005481 6.5115617 1.0
7.35067173 3.5790834 1.0
1.9227592  2.6908456 -1.0
2.14757447 2.9726775 -1.0
3.87885373 3.6893303 -1.0
0.92863558 2.2794550 -1.0
2.32803029 4.0749965 -1.0
3.20294882 2.2957797 -1.0
5.97124702 7.9030474 1.0
4.89998502 7.4580530 1.0
2.82626422 1.9285112 -1.0
1.85156044 3.7008517 -1.0
4.18442797 4.5646931 1.0
6.46808641 5.7595624 1.0
6.11320998 6.7713299 1.0
2.91588806 4.1542416 -1.0
5.43736308 6.6788180 1.0
2.69983096 2.5914289 -1.0
6.62134113 5.6657752 1.0
6.1425545  6.1545084 1.0
5.41018246 5.2590161 1.0
5.9371695  4.7674503 1.0
3.34091251 4.7931615 -1.0
4.16392317 3.8063215 -1.0
3.87896719 2.1044963 -1.0
2.83555284 2.6502994 -1.0
7.14273972 7.2012220 1.0
5.85663258 4.9409962 1.0
5.83186085 5.5366640 1.0
2.67314875 2.9427867 -1.0
5.96885341 5.2574518 1.0
7.88369884 8.4502713 1.0
4.86148097 7.0866435 1.0
6.62655117 6.2209319 1.0
2.65238285 4.5102424 -1.0
4.62564262 8.0616382 1.0
1.2273983  3.5952785 -1.0
3.75769235 2.6341339 -1.0
3.69651571 1.9798376 -1.0
2.27977227 2.4085368 -1.0
1.81762692 3.1175334 -1.0
2.55485663 2.2902396 -1.0
3.42590839 2.5547249 -1.0
0.80697149 4.4333334 -1.0
4.6345836  5.9507465 1.0
1.91931815 1.9247056 -1.0
4.7185355  1.7546724 -1.0
4.83918028 4.1923321 -1.0
6.32341837 5.8503575 1.0
1.79383882 1.2595989 -1.0
2.38531945 3.8039250 -1.0
3.45630276 3.7161411 -1.0
4.07234163 3.2810192 -1.0
5.40157557 6.2009964 1.0
3.57082297 3.5559293 -1.0
3.41256018 1.2947389 -1.0
5.37285632 5.3208183 1.0
5.06620806 6.4398037 1.0
3.07582861 4.2063436 -1.0
6.11740981 7.9803472 1.0
3.32119064 1.0506502 -1.0
1.85989448 1.6116744 -1.0
3.20211648 4.6482935 -1.0
7.30211556 6.0465555 1.0
2.92338532 2.3229618 -1.0
7.56927575 7.0320479 1.0
5.09209472 6.6259021 1.0
2.66910988 3.1106083 -1.0
2.43004445 5.0082647 -1.0
3.19104755 4.1222195 -1.0
3.01782711 2.1475674 -1.0
2.07012883 4.9227534 -1.0
3.64989209 4.0571567 -1.0
3.181448   2.5881241 -1.0
8.18964426 7.3488116 1.0
3.08638329 2.7972574 -1.0
4.12696303 6.7252111 1.0
8.09048652 7.3022509 1.0
4.97522898 3.5709508 -1.0
5.66254771 5.7050014 1.0
5.68024984 6.4190884 1.0
6.66340298 6.5309578 1.0
6.18624306 5.2959424 1.0
3.50334812 1.9203452 -1.0
1.72704125 2.4679024 -1.0
2.73285869 2.1310482 -1.0
2.92272693 3.7878983 -1.0
5.28880864 6.6460389 1.0
1.82879653 2.5546967 -1.0
5.19923375 6.2813158 1.0
3.34285749 3.7171166 -1.0
7.26482176 6.4116362 1.0
3.67645965 4.0033305 -1.0
2.92313056 3.2417790 -1.0
2.2191767  0.1063903 -1.0
5.63371237 5.2147672 1.0
6.12484526 7.1517711 1.0
2.8991644  4.0384160 -1.0
3.53909355 1.6175101 -1.0
6.29784958 5.7182982 1.0
4.29460357 4.3310796 1.0
0.85895197 2.2662987 -1.0
2.39559896 3.3348638 -1.0
0.87996815 2.3578551 -1.0
6.70222055 5.9210264 1.0
4.90558156 8.4534994 1.0
3.25737843 2.6653754 -1.0
6.00082119 5.8412128 1.0
5.91474104 4.7823730 1.0
4.76905308 5.1184349 1.0
2.0120544  1.3507288 -1.0
8.36953463 6.783709  1.0
6.30860182 7.0948824 1.0
2.79413459 1.4519597 -1.0
3.96605073 6.5170554 1.0
3.75796718 3.2648614 -1.0
2.71923201 2.9546754 -1.0
7.16042645 6.7947687 1.0
5.55522272 6.1381588 1.0
1.17158873 3.3973341 -1.0
1.95625902 1.8281470 -1.0
5.46530215 5.3946414 1.0
6.59337733 5.9669699 1.0
4.82542165 3.0484352 -1.0
6.13018974 6.5675823 1.0
1.99189358 2.4848842 -1.0
2.34545585 2.9034757 -1.0
3.48361224 6.0041238 1.0
3.95190624 2.8172748 -1.0
2.37748485 2.9784855 -1.0
2.14139055 2.3070417 -1.0
6.55203136 5.4983545 1.0
6.42592807 6.1461498 1.0
4.58984861 5.7397740 1.0
3.37076365 2.8624389 -1.0
6.70881247 6.7852158 1.0
6.22330222 4.3844647 1.0
2.89998271 3.2269301 -1.0
3.82075681 1.6061338 -1.0
4.49599335 7.2317063 1.0
5.86263234 4.8270770 1.0
0.71904181 2.1416713 -1.0
6.15542602 4.6156179 1.0
2.32907233 3.0648947 -1.0
2.06398598 3.5260443 -1.0
4.39823469 6.099419  1.0
7.04288909 6.1388888 1.0
2.99356022 3.5113163 -1.0
4.30582356 2.4581692 -1.0
5.38604157 6.6800564 1.0
7.97050782 5.4144268 1.0
4.39998088 2.232475  -1.0
3.35507638 4.3075998 -1.0
7.16202557 5.8107584 1.0
2.17822031 4.0246991 -1.0
4.60869045 7.0647113 1.0
7.56533359 5.6665506 1.0
2.81048136 4.4813519 -1.0
7.01827537 5.9693651 1.0
7.15767067 5.1979505 1.0
6.85432665 5.8511257 1.0
4.72352613 6.9110964 1.0
1.98515807 2.2898129 -1.0
7.72704492 6.7131243 1.0
7.08734385 5.3442484 1.0
3.43059444 2.4018214 -1.0
3.16534067 2.7720761 -1.0
4.14681047 4.9695066 1.0
5.94141667 5.2830996 1.0
3.04005526 1.1872279 -1.0
3.91935667 2.3047360 -1.0
5.87515831 6.1477927 1.0
6.65088248 5.3158863 1.0
3.22571366 4.4057139 -1.0
3.09492466 4.7939154 -1.0
2.71645998 3.0485542 -1.0
3.05101545 3.4861268 -1.0
6.31208966 6.7513666 1.0
3.96801318 2.2755713 -1.0
4.25914107 5.6202186 1.0
5.53452336 5.4696781 -1.0
6.00395329 6.1788083 1.0
5.64864973 4.1060567 1.0
3.87251491 1.4087398 -1.0
6.85163803 5.5406776 1.0
3.59402346 3.7085987 -1.0
5.76873075 5.4551260 1.0
2.53533114 2.4276511 -1.0
2.34968628 1.3729655 -1.0
3.55599162 3.4102276 -1.0
5.8964531  6.0864100 1.0
3.09471926 3.3453807 -1.0
2.49903735 3.8890442 -1.0
3.8334124 3.468929 -1.0
4.69797415 7.8835798 1.0
3.63403766 3.7388621 -1.0
4.61403793 6.5452640 1.0
7.51250287 7.0581733 1.0
5.72227763 7.7274394 1.0
2.78088809 1.0127662 -1.0
2.37711718 2.5759268 -1.0
5.59987531 5.9250782 1.0
5.4602346  5.6819650 1.0
3.3915833  2.3603997 -1.0
3.10321784 1.1242846 -1.0
3.12631039 4.2357981 -1.0
2.9950673  4.1362127 -1.0
4.00932193 2.5713274 -1.0
5.27178706 7.3295384 1.0
7.20737588 7.6503342 1.0
6.91665443 5.0531031 1.0
5.90816767 6.4063848 1.0
5.24652895 5.5145632 1.0
6.46725158 7.1281892 1.0
3.53831666 1.7553862 -1.0
3.5803809  2.3143342 -1.0
6.50815102 5.5699132 1.0
3.67274293 4.1016945 -1.0
1.97696807 1.7584216 -1.0
6.22591059 7.1473530 1.0
4.29481295 6.5966812 1.0
3.84859396 2.4411552 -1.0
7.23036159 6.3737397 1.0
6.25781842 4.9263087 1.0
3.04795164 2.6250348 -1.0
7.68885696 7.9652454 1.0
2.21809225 2.7527907 -1.0
5.29874941 2.4572396 -1.0
3.12677779 2.6819607 -1.0
2.17661723 3.8587104 -1.0
3.82004116 5.4192172 1.0
6.79455973 7.4501093 1.0
4.72160762 2.2518413 -1.0
5.7523968  4.4415162 1.0
6.19589143 6.2724753 1.0
4.31784951 8.8152872 1.0
6.47439597 5.6597695 1.0
2.59905646 5.1403244 -1.0
2.63041213 2.2321595 -1.0
2.57738929 2.1030377 -1.0
1.80163974 2.0918010 -1.0
5.00741433 6.4009762 1.0
3.36789499 4.0476253 -1.0
1.59959958 1.4126943 -1.0
3.97724589 3.6024326 -1.0
7.14832138 5.8021121 1.0
5.07580028 5.1782539 1.0
3.0419776  1.3076428 -1.0
0.54791149 2.0597256 -1.0
5.32071878 6.0689670 1.0
0.43174902 1.0903392 -1.0
3.87362185 1.5027278 -1.0
3.47156832 2.9763783 -1.0
5.47381167 5.1041438 1.0
3.90185534 3.4099354 -1.0
3.32751926 1.2796635 -1.0
1.96050564 2.2947719 -1.0
7.34783738 6.8509030 1.0
2.09316217 3.7684609 -1.0
5.97455121 4.3329453 1.0
4.38716265 4.5640768 1.0
1.89562739 1.8974341 -1.0
3.07431377 3.8702667 -1.0
5.57195062 6.4226698 1.0
