4.83250051 8.3542411 1.0
1.46992558 3.8900505 -1.0
3.17210747 1.7814033 -1.0
4.36104954 1.4495931 -1.0
2.19795463 2.4732269 -1.0
4.63817562 4.5383200 -1.0
3.31814319 3.9765387 -1.0
2.58430109 4.2134501 -1.0
5.04891822 3.8407217 1.0
3.47086063 3.2500920 -1.0
6.5605512  5.7117672 1.0
4.09908887 4.9255169 -1.0
5.63063576 5.7200450 1.0
3.98217286 2.6271733 -1.0
3.37490907 3.4711660 -1.0
1.75065727 4.5625331 -1.0
4.95598613 5.834108  1.0
2.82016584 2.3321267 -1.0
0.35136528 3.5096619 -1.0
2.58739068 4.6914487 -1.0
4.5978542  3.3043409 -1.0
4.9744949  4.8004029 1.0
7.2436057  6.5175061 1.0
6.45926877 5.6315211 1.0
2.27082105 3.2018999 -1.0
6.1318549  8.2107892 1.0
2.64886727 2.9090681 -1.0
7.18767194 4.0430381 1.0
6.68665486 6.3457266 1.0
3.74940376 3.2268686 -1.0
6.29585524 5.8988144 1.0
2.06220144 2.1296934 -1.0
4.1814106  4.9048984 1.0
3.88725944 5.1879403 1.0
4.54589767 2.4897054 -1.0
1.46795515 2.6306641 -1.0
1.65311989 5.0387292 -1.0
6.1616272  4.8393306 1.0
5.27563471 4.8008118 1.0
6.12421093 5.3545860 1.0
3.17808622 4.4059940 -1.0
6.54844974 5.4354566 1.0
6.68008083 6.5892256 1.0
5.75479795 6.6586803 1.0
5.92846646 6.1010713 1.0
6.94663998 4.9780849 1.0
5.61503798 5.7657652 1.0
6.73630634 5.8106634 1.0
4.60648804 3.3520774 -1.0
4.18383499 6.2539615 1.0
6.23838384 6.7066364 1.0
4.9927026  6.0574900 1.0
3.14950708 2.2471684 -1.0
5.09380256 6.4544081 1.0
3.04223447 2.7181012 -1.0
2.40928771 2.4737382 -1.0
4.9530981  2.2555773 -1.0
3.75722096 2.988784  -1.0
3.88243125 3.9081471 -1.0
4.78536044 4.2317283 -1.0
3.83636233 5.4190543 1.0
5.84443548 6.1397906 1.0
0.80116294 3.3979663 -1.0
7.55134133 5.9409273 1.0
5.89125892 4.5863508 1.0
6.56713831 6.6048525 1.0
2.79151172 2.2032963 -1.0
5.03320899 2.7374546 -1.0
5.48214181 6.6472369 1.0
5.46938795 4.2491178 1.0
5.72199595 6.6184890 1.0
4.17318718 4.7911685 -1.0
4.78390794 6.498901  1.0
3.9051841  3.7204148 -1.0
3.56979154 3.0576581 -1.0
4.54693219 4.1364788 -1.0
4.66068457 7.1895958 1.0
5.94423932 5.7320315 1.0
4.98928575 3.0750482 -1.0
5.43405638 6.8768930 1.0
6.2598396  8.1576156 1.0
4.57191034 5.0922195 1.0
7.25537292 4.6810596 1.0
0.68804512 1.4227673 -1.0
4.11765379 3.7412258 -1.0
3.98008633 4.0869196 -1.0
6.02761779 5.2017553 1.0
2.57280493 1.6992407 -1.0
7.19479871 5.7992447 1.0
1.89627096 1.9954786 -1.0
7.22859715 5.5179903 1.0
2.42776841 1.0887248 -1.0
5.30265688 6.0295978 1.0
2.89457029 3.6155695 -1.0
5.96305142 7.3928989 1.0
6.66107264 6.1610108 1.0
4.08646573 2.8108040 -1.0
1.79580341 4.6667318 -1.0
7.6539691  5.9106814 1.0
3.58701239 2.8835630 -1.0
5.85276057 4.5817174 1.0
4.29770686 3.8088225 -1.0
5.46612552 6.0224809 1.0
4.61818489 2.7991512 -1.0
5.20251397 6.6118742 1.0
4.30831238 1.703054  -1.0
7.26603712 4.0241994 1.0
1.67989573 1.6690976 -1.0
5.41909005 5.0016570 1.0
2.57455002 2.0793912 -1.0
3.6642982 4.036699 -1.0
6.95847066 6.1674464 1.0
6.45070186 5.4154779 1.0
4.00606785 2.2570322 -1.0
2.65575964 1.3323622 -1.0
1.2697091  3.2168485 -1.0
2.70838812 4.5788099 -1.0
2.39641191 4.0803516 -1.0
5.1643662  7.0137818 1.0
3.92636164 3.0782167 -1.0
4.91316672 5.2294324 1.0
0.99976515 2.5608264 -1.0
2.63845175 3.0969553 -1.0
3.22658958 5.2570173 1.0
5.1300963  3.2149530 -1.0
1.96507854 4.9255799 -1.0
2.8845488  3.1709535 -1.0
3.58295527 3.2363748 -1.0
1.50416955 3.7241146 -1.0
5.48967469 5.8943790 1.0
3.33653106 2.9627624 -1.0
2.40683153 3.0195883 -1.0
5.16459539 5.7759757 1.0
3.23015902 3.6778241 -1.0
4.32191471 2.2794373 -1.0
3.86568511 2.8311279 -1.0
4.46641595 4.9666586 1.0
6.26145075 4.9080819 1.0
3.6836781  2.4824811 -1.0
5.52499471 8.2866110 1.0
6.80014757 5.3952523 1.0
6.35538949 5.6365523 1.0
3.80787618 3.2939706 -1.0
7.19489865 5.8097912 1.0
6.78153164 5.9207303 1.0
1.04878998 4.0554964 -1.0
4.13669732 2.8425278 -1.0
5.85581181 7.1050527 1.0
3.9977573  3.4186477 -1.0
2.7300002  1.7990948 -1.0
5.75197507 6.5753326 1.0
3.13865601 1.1217525 -1.0
4.96108901 6.3383378 1.0
5.68799092 6.097242  1.0
3.62153493 2.7193148 -1.0
4.53757952 5.1558561 1.0
2.97176672 3.9246996 -1.0
4.92511682 3.9303401 -1.0
4.06687599 5.8550075 1.0
5.12084234 4.1874076 1.0
6.93824635 5.0973399 1.0
4.48421894 2.0876586 -1.0
3.40461223 3.2160954 -1.0
1.38055586 4.2403673 -1.0
3.52756022 2.8782528 -1.0
5.64357381 7.0085075 1.0
2.82944548 3.5590260 -1.0
1.24015976 3.3282234 -1.0
6.17057025 7.3396026 1.0
6.14793444 5.1305872 1.0
6.33743426 4.8856366 1.0
1.46335737 2.0972359 -1.0
3.26272823 2.5139604 -1.0
2.93020369 3.6169037 -1.0
4.77385686 6.3968223 1.0
2.81194783 3.7327591 -1.0
3.20958435 4.0530177 -1.0
3.62511231 2.5377711 -1.0
1.69359893 3.8375353 -1.0
4.5905529  2.3941284 -1.0
6.77689445 5.6298129 1.0
7.29570038 6.3809962 1.0
1.58059042 4.8127390 -1.0
7.25398135 5.1656023 1.0
7.2751364  5.8420253 1.0
4.96710362 7.5075097 1.0
2.12509296 3.9191308 -1.0
6.43782681 7.3003723 1.0
6.81272808 7.7064234 1.0
7.25700753 5.5408675 1.0
5.21860004 7.3402099 1.0
3.21787795 2.4797697 -1.0
7.04552065 3.8548176 1.0
2.23077269 2.3032548 -1.0
6.21971112 4.9889969 1.0
0.73699046 1.7097144 -1.0
4.55657152 6.7569559 1.0
6.37794231 7.5662179 1.0
6.04371059 4.2705504 1.0
4.03343403 3.2446146 -1.0
5.72108239 6.6934738 1.0
5.35609451 2.6084464 -1.0
4.32859029 2.9348837 -1.0
5.76441126 7.0749336 1.0
4.01142451 2.5963973 -1.0
3.83928664 2.4101401 -1.0
5.60601683 4.6686971 1.0
4.298923  4.996560 1.0
2.56579924 2.5840906 -1.0
2.59530336 3.3245199 -1.0
6.39981833 4.6116320 1.0
2.95410423 3.0005845 -1.0
3.80918514 2.2702338 -1.0
5.78494159 5.5516838 1.0
6.97054306 5.4783787 1.0
4.70853208 6.2321796 1.0
3.36978965 1.9065469 -1.0
1.24330276 4.0332572 -1.0
6.35783322 5.4172580 1.0
2.44701009 3.1192128 -1.0
5.79507529 6.6742843 1.0
3.59201186 5.3603668 -1.0
1.05507591 3.2292694 -1.0
6.20889614 6.2788992 1.0
2.6002735  3.1451668 -1.0
2.50788649 2.9537309 -1.0
4.4475359  3.2829742 -1.0
2.16846749 2.6316725 -1.0
5.15088961 5.6010467 1.0
3.54749318 3.1940391 -1.0
5.87464757 5.2198191 1.0
6.22465724 6.0967923 1.0
3.25407807 4.0071083 -1.0
6.36615909 5.1504198 1.0
2.59917494 5.2999007 -1.0
5.72124566 6.3982480 1.0
2.81386143 3.7849497 -1.0
2.54927172 4.8438976 -1.0
5.84756534 4.4709792 1.0
2.66289839 2.9519528 -1.0
7.84858457 5.8773003 1.0
1.52994389 4.7799517 -1.0
0.39739265 2.6659390 -1.0
2.22524901 1.0729265 -1.0
5.28188429 5.5694995 1.0
2.01832384 2.2448982 -1.0
6.95349056 6.5275031 1.0
3.76337875 2.2148593 -1.0
6.43459742 6.0688134 1.0
4.8315125  1.3879343 -1.0
2.85801601 2.5536900 -1.0
8.19550553 8.3858323 1.0
8.27225062 5.3680754 1.0
5.48044313 3.3018013 -1.0
3.03080692 2.1353931 -1.0
2.79288025 3.0798160 -1.0
1.3162315  3.6206087 -1.0
6.43079891 5.8784828 1.0
6.0297948  7.4326544 1.0
5.30361493 4.7409074 1.0
4.75042015 5.5453336 1.0
6.99467254 3.0276091 -1.0
3.93761715 3.8286477 -1.0
6.11165454 7.0375038 1.0
3.5778609  3.2645675 -1.0
4.24955446 2.5928906 -1.0
2.45946149 2.3031440 -1.0
6.27092322 7.3078476 1.0
1.67469971 3.2926759 -1.0
3.16828928 3.0197318 -1.0
6.90493308 8.0582154 1.0
3.5863624 3.806287 -1.0
6.80481873 6.0128395 1.0
3.25299985 3.0728497 -1.0
6.10306906 4.6171687 1.0
3.0856989  3.7184759 -1.0
3.26033401 3.6603570 -1.0
6.84324786 7.4338188 1.0
2.84383864 3.4467950 -1.0
5.67663615 7.4805772 1.0
3.92761085 5.9946228 1.0
6.23426357 5.9751778 1.0
3.04337146 2.7418651 -1.0
3.80311687 2.6522314 -1.0
5.59327867 6.7415269 1.0
5.64762396 6.5505194 1.0
4.80748157 8.0810578 1.0
5.56919365 5.0648269 1.0
3.80310127 1.9370198 -1.0
2.71990542 3.2626742 -1.0
4.29006007 4.8873474 -1.0
2.69920179 4.8368501 -1.0
5.81559461 5.0459717 1.0
1.55581243 3.0853832 -1.0
4.90213835 7.1613196 1.0
6.53483304 6.5256498 1.0
3.96041935 1.6680441 -1.0
6.44767909 6.6868098 1.0
6.19404606 5.7972207 1.0
2.48569934 1.7944206 -1.0
7.60375841 5.7638573 1.0
6.87405663 6.0253175 1.0
6.65822768 6.0754816 1.0
7.93078856 5.2999796 1.0
2.13849767 2.8939123 -1.0
5.28330117 5.4939267 1.0
6.9986527  5.0640404 1.0
7.07230546 4.4121538 1.0
5.67765963 6.2259034 1.0
6.39196847 7.7543576 1.0
6.23493371 5.1284872 1.0
3.57419647 3.5482492 -1.0
5.62901506 6.5541144 1.0
3.05650516 2.6665774 -1.0
6.47867605 5.3934484 1.0
6.40422781 8.3954153 1.0
3.31473216 2.5844573 -1.0
2.05838219 5.1898882 -1.0
7.53295535 4.3907042 1.0
4.84152929 5.5589691 1.0
1.56478808 3.2232886 -1.0
3.06535615 0.9892472 -1.0
3.46494672 2.9352691 -1.0
7.34625151 4.9560149 1.0
3.60532839 1.1932167 -1.0
6.67015099 5.3684585 1.0
4.5239405  7.1034073 1.0
2.38200032 3.1569429 -1.0
6.1771777  5.1136038 1.0
6.38876972 4.0423025 1.0
8.51574249 6.4341447 1.0
3.40367021 3.0234090 -1.0
3.73622426 6.5419314 1.0
5.36798755 5.8397686 1.0
2.27608314 2.4637236 -1.0
3.94575403 2.6942943 -1.0
5.66070013 5.6831847 1.0
3.59679049 2.8997852 -1.0
2.87630273 2.6636098 -1.0
5.85758724 5.6752121 1.0
4.18826368 3.9885992 1.0
4.31390496 3.5429110 -1.0
1.92775931 3.1032456 -1.0
6.99605045 8.2506789 1.0
4.01204808 2.8071534 -1.0
3.18979192 2.0347600 -1.0
5.74325482 6.1987986 1.0
3.73843032 1.7971720 -1.0
5.16336923 4.4206569 1.0
2.86647386 3.636033  -1.0
3.33724125 3.4754661 -1.0
4.74021451 6.6817453 1.0
7.11828554 4.6318105 1.0
7.247597   5.3427226 1.0
5.89707748 5.9017079 1.0
7.51459755 4.2220927 1.0
6.08746853 6.2212387 1.0
2.30497843 1.9264946 -1.0
2.12499686 3.4055324 -1.0
5.15680331 3.4727586 -1.0
4.73963235 5.0066691 1.0
5.7281503  5.2498981 1.0
5.32027941 3.5668218 -1.0
7.75424823 8.0508174 1.0
3.43175975 3.2612812 -1.0
3.86814697 2.3674666 -1.0
4.04822357 2.5993465 -1.0
1.57738957 3.6401860 -1.0
4.01104578 4.7506818 -1.0
7.08608026 6.3720364 1.0
6.0608092  2.2539243 1.0
4.17194467 3.4144094 -1.0
6.30998756 6.8475593 1.0
5.60787307 3.7005299 -1.0
2.57330104 1.7390546 -1.0
6.18333343 6.2948609 1.0
2.02124384 3.1003715 -1.0
7.98383014 6.4313537 1.0
7.04625168 4.8781004 1.0
1.58167321 2.7386534 -1.0
6.53580789 5.7897063 1.0
4.89601486 5.6994860 1.0
5.50499444 5.7387344 1.0
7.12079799 5.6022783 1.0
7.70362835 6.4325830 1.0
5.53672629 5.4705671 1.0
1.77941351 2.8729729 -1.0
3.82652387 4.4747823 -1.0
4.46209368 6.4612510 1.0
2.56508076 1.5787777 -1.0
4.26695341 3.7521232 -1.0
5.99735178 5.0329639 1.0
6.34621273 6.7415457 1.0
5.42127384 8.1187278 1.0
1.31628276 3.2711007 -1.0
3.33048415 3.9661988 -1.0
1.52088146 3.6001450 -1.0
2.96242762 2.6848292 -1.0
8.67107082 7.7039153 1.0
2.68215757 3.0619120 -1.0
2.29878444 3.6458711 -1.0
2.92047257 2.5349375 -1.0
5.79779621 5.5652526 1.0
3.85320287 1.8462382 -1.0
5.05773503 5.4038586 1.0
6.23163373 5.4371273 1.0
2.78053751 4.2952645 -1.0
5.65679787 5.7313161 1.0
6.20349591 7.1804632 1.0
5.78401444 5.9343348 1.0
4.03094279 3.9989985 -1.0
2.99865293 2.0630802 -1.0
6.25260244 5.6778124 1.0
3.31708636 3.3516262 -1.0
4.69499338 1.8458343 -1.0
3.18507834 5.0688936 -1.0
6.44788332 5.1521310 1.0
6.43892201 4.8493537 1.0
2.90305222 3.1997168 -1.0
6.76538131 6.9724152 1.0
2.61084385 2.4690337 -1.0
1.96273322 3.9917204 -1.0
1.73635689 2.1355401 -1.0
2.45783303 5.0001568 -1.0
3.28885679 2.0505852 -1.0
5.22015703 6.5296307 1.0
6.07191937 7.4458381 1.0
6.88007422 5.3695559 1.0
5.57863729 7.9973143 1.0
5.99157683 6.0167366 1.0
3.55073236 2.7764162 -1.0
1.44306439 1.7021022 -1.0
2.09130387 5.3555904 -1.0
2.50849484 2.6241118 -1.0
2.1523944  4.4782686 -1.0
6.8294616  6.0905570 1.0
6.68016655 5.6699489 1.0
7.38732154 7.7477502 1.0
2.05266761 3.5965232 -1.0
4.34420124 2.1118213 -1.0
7.08209005 5.8134381 1.0
5.88291032 5.8741359 1.0
3.514324   3.5014327 -1.0
5.31371365 6.5389430 1.0
5.04130377 3.6164438 -1.0
3.53820878 2.5386676 -1.0
5.84585538 8.2325950 1.0
4.67696059 2.2921746 -1.0
6.00404969 5.5335422 1.0
2.33656412 4.416614  -1.0
3.45582385 2.5934744 -1.0
4.80950998 4.9629606 -1.0
4.75241769 2.1874623 -1.0
3.31798719 3.8814287 -1.0
4.26579914 7.7782347 1.0
6.19829264 5.0395359 1.0
7.49447707 4.9019949 1.0
2.31761484 3.6508730 -1.0
2.95038964 5.9781120 -1.0
6.09048425 6.5682225 1.0
4.78722456 5.5360890 1.0
7.6937869  5.0141299 1.0
6.21619699 5.0792867 1.0
2.60610728 1.4666448 -1.0
5.39325114 7.3872853 1.0
4.1206399  6.0573840 1.0
6.28750642 7.2013398 1.0
7.02642232 6.1302438 1.0
6.46484917 6.7457161 1.0
6.27825581 7.2955257 1.0
5.61102333 7.8459502 1.0
0.44291062 2.9330543 -1.0
6.34573327 4.3901180 1.0
5.58737521 5.5255037 1.0
5.26663193 6.4480636 1.0
6.93582042 6.5101481 1.0
6.57080304 6.6656985 1.0
2.70413872 4.7283498 -1.0
2.31963452 1.9207939 -1.0
3.40026251 3.4595852 -1.0
1.68265504 3.2827896 -1.0
3.44677902 3.0721592 -1.0
7.1901474  6.1283671 1.0
1.23696539 3.6179885 -1.0
6.07640894 4.5358252 1.0
4.80437607 5.7441939 1.0
2.38683468 4.9629920 -1.0
1.6136943  3.2613240 -1.0
2.66275887 1.7372264 -1.0
5.65133401 6.2607448 1.0
4.53565302 5.2728651 1.0
2.09410586 2.8098977 -1.0
5.74480119 6.1477735 1.0
8.16412626 5.8635915 1.0
3.05930984 1.6204753 -1.0
3.67110046 2.4003891 -1.0
6.3082718  6.7475574 1.0
3.18129831 2.7747646 -1.0
7.24323167 6.4274934 1.0
3.05124483 3.8375741 -1.0
2.61250945 1.5979120 -1.0
2.22620327 2.0463258 -1.0
5.05922501 8.3540853 1.0
2.77468686 2.4358294 -1.0
5.42421541 4.3987382 1.0
5.4088543  6.1016915 1.0
6.39961288 5.9457065 1.0
5.57964398 7.0849775 1.0
1.55451238 2.7014566 -1.0
5.67829764 4.2884248 1.0
1.7844929  2.5018885 -1.0
2.89412666 2.6633156 -1.0
6.88255885 6.2824121 1.0
3.16758021 2.7903040 -1.0
6.60431651 7.6448092 1.0
6.6902618  4.9727756 1.0
2.63593188 2.6543661 -1.0
6.86023003 5.3282766 1.0
2.05421352 2.7950659 -1.0
5.31494018 5.5761794 1.0
1.67863562 2.6979692 -1.0
4.39973278 5.6616349 1.0
7.47368753 4.9674732 1.0
3.23479372 4.1872382 -1.0
6.01349451 5.7513282 1.0
5.81598216 7.8053388 1.0
6.13453461 7.5573515 1.0
3.18451469 1.6452912 -1.0
3.67554539 3.8784046 -1.0
2.61230394 2.9714002 -1.0
5.53291446 6.1950140 1.0
1.88916915 4.6501549 -1.0
3.37763621 3.1274183 -1.0
5.57966603 5.5964736 1.0
2.9930485  3.6098811 -1.0
6.1360885  3.7485087 -1.0
5.43793785 4.7522309 1.0
5.74302092 6.581666  1.0
7.0317827  5.3412836 1.0
3.91594942 4.5041487 -1.0
8.1706607  7.9600301 1.0
2.6793605  1.3071259 -1.0
5.73361527 7.3624595 1.0
3.58000908 4.0842703 -1.0
6.58674897 5.9129543 1.0
5.81074384 6.8856642 1.0
3.1168377  3.9706500 -1.0
2.93366812 4.3436241 -1.0
6.91777333 4.8360200 1.0
3.62428262 6.7156469 1.0
5.6268333  7.3086830 1.0
3.02970987 4.2606067 -1.0
7.61943214 5.9365921 1.0
4.96553208 3.4291715 -1.0
3.64176601 2.2664434 -1.0
3.30702514 3.6760861 -1.0
6.92399424 5.3395287 1.0
3.46523879 0.5720692 -1.0
3.64677678 3.9732631 -1.0
4.50685133 1.7220798 -1.0
6.00949658 7.0889625 1.0
4.04116001 3.1294223 -1.0
2.53292469 3.5972792 -1.0
3.17046791 2.5957280 -1.0
4.70234844 3.1243482 -1.0
3.21861613 2.5857785 -1.0
3.79635    1.3596564 -1.0
5.64340819 6.5308012 1.0
3.5718704  1.5705604 -1.0
5.07014999 5.3431088 1.0
1.74848808 3.4918016 -1.0
3.09740134 3.2222661 -1.0
8.11725737 6.0298156 1.0
4.58176141 5.9951989 1.0
6.37660228 5.0382096 1.0
4.62205265 4.8599220 1.0
3.44111064 1.5952451 -1.0
4.2624084  3.3221118 -1.0
5.85726381 6.0002193 1.0
5.10269458 6.0790096 1.0
3.57956288 1.1118589 -1.0
4.80477234 3.5558434 1.0
6.46421194 5.1828442 1.0
6.8677598  6.7202450 1.0
3.96108039 2.0707831 -1.0
6.1970942  5.6268235 1.0
5.83773456 7.1614063 1.0
6.04220259 6.3487736 1.0
2.93338524 3.2608540 -1.0
7.72431483 6.1705070 1.0
6.9775444  6.2839720 1.0
5.76086407 5.9813985 1.0
5.53636191 6.5987654 1.0
5.02050775 2.7817579 -1.0
2.31561439 5.6402525 -1.0
4.13622179 3.4097602 -1.0
4.75954348 3.9209582 -1.0
6.15367685 4.9103745 1.0
5.73199821 4.4591736 1.0
2.04579246 2.8395724 -1.0
1.24154848 3.5237727 -1.0
6.1125855  4.7620344 1.0
6.33728362 6.1016288 1.0
7.62328699 5.1569393 1.0
2.85941936 3.3458646 -1.0
7.25801557 4.4140556 1.0
6.01814455 5.6760304 1.0
2.34139023 2.6328436 -1.0
5.11599966 6.0618405 1.0
3.76468821 3.2733207 -1.0
2.56367719 4.7364575 -1.0
3.17605689 3.384159  -1.0
3.11422171 5.5599280 -1.0
4.66069349 6.0540107 1.0
4.89160814 3.4101409 1.0
7.06212288 5.1804346 1.0
3.41458892 5.7027732 1.0
5.89163842 5.3433159 1.0
6.09113983 5.9160534 1.0
4.13009187 3.6794528 -1.0
2.27112636 2.3541212 -1.0
3.45533857 3.1451073 -1.0
3.01952071 1.6390704 -1.0
4.34934901 2.1008071 -1.0
2.49299905 4.6124763 -1.0
5.75775474 6.7364622 1.0
6.68727223 5.8731411 1.0
7.79966971 7.9230973 1.0
6.84806391 5.5719948 1.0
5.96028723 2.3396534 -1.0
4.54237738 3.4518933 -1.0
2.07292684 2.6269197 -1.0
4.7551965  8.6809155 1.0
3.30329469 2.0004339 -1.0
4.54685561 7.1114088 1.0
0.43158868 3.5690035 -1.0
2.12078702 2.8249471 -1.0
4.05364799 2.9089166 -1.0
7.11662481 6.5195795 1.0
6.25210208 6.6251771 1.0
3.05878109 3.9315750 -1.0
6.98212146 7.6420602 1.0
3.73333155 4.4357131 -1.0
3.69220191 2.9612183 -1.0
5.20452621 5.0474095 1.0
5.39301117 5.7049090 1.0
5.34882433 5.9598101 1.0
3.06690708 4.7116320 -1.0
3.51681252 3.3041034 -1.0
6.15241665 6.8996659 1.0
5.04673398 5.9485108 1.0
6.48561797 6.8159553 1.0
5.19700583 5.7628264 1.0
2.57543279 4.4671615 -1.0
7.65886346 6.2399277 1.0
4.98513842 5.8982439 1.0
6.76014389 5.4001807 1.0
5.24896701 6.8676880 1.0
2.44123351 2.6461894 -1.0
4.91615537 3.1465989 -1.0
7.97820288 6.4893197 1.0
1.8686715  4.0642046 -1.0
6.47651735 6.3639361 1.0
1.0276412  1.6359423 -1.0
4.09314933 3.5289625 -1.0
2.34441145 3.0850712 -1.0
6.53269946 6.6054786 1.0
1.94530291 4.0859975 -1.0
6.75359278 6.4205391 1.0
2.8211095  3.8720474 -1.0
-0.37245175  2.4930613 -1.0
7.21265166 7.0513567 1.0
5.88491664 5.7191013 1.0
5.10206256 6.3807304 1.0
5.05099235 6.8248671 1.0
7.1378347  7.7784098 1.0
6.85615484 6.7671933 1.0
4.87061839 2.4287236 -1.0
3.50706018 3.1908531 -1.0
2.67133679 2.2408338 -1.0
3.04379372 1.5044165 -1.0
6.75688232 5.8650611 1.0
2.81014121 3.8762542 -1.0
6.15071203 5.3875175 1.0
6.15398448 6.3704154 1.0
3.1266695 1.288228 -1.0
3.41751063 3.4965090 -1.0
2.95430434 1.4679933 -1.0
7.11920179 4.6647153 1.0
7.05256257 7.0404077 1.0
6.62137683 6.4343414 1.0
5.09525761 3.4428929 -1.0
3.04654579 2.8161592 -1.0
3.93893494 2.6603744 -1.0
2.29303425 3.6053567 -1.0
5.4400815  5.4985531 1.0
4.01218492 2.9769333 -1.0
2.43290288 2.7169130 -1.0
3.21305741 3.4205081 -1.0
4.73635649 2.5590319 -1.0
1.16442341 1.9667757 -1.0
6.42028726 5.6989260 1.0
7.72589756 6.1537102 1.0
5.53172944 7.1687195 1.0
6.55960593 4.0244625 1.0
3.37717276 2.6576602 -1.0
3.6960745  2.0174199 -1.0
6.23441092 5.3721566 1.0
6.91873239 5.9829427 1.0
6.25810613 4.9850786 1.0
5.18288963 5.6590865 1.0
1.56035167 2.7098913 -1.0
6.86860604 6.2036530 1.0
3.69684627 0.6697117 -1.0
7.57146001 6.0067815 1.0
3.36931895 3.8966568 -1.0
6.29223426 5.6747047 1.0
6.33705429 4.9488068 1.0
5.36712757 3.4069284 -1.0
3.37661067 3.2162245 -1.0
2.52351467 2.9387860 -1.0
2.68893585 2.8601499 -1.0
5.20118555 6.7846113 1.0
5.69886637 5.0731031 1.0
5.58024368 5.5284672 1.0
2.84406048 5.2136056 -1.0
2.26216446 2.8515776 -1.0
1.98620252 2.7066163 -1.0
2.10122564 3.3050804 -1.0
6.70579256 6.8373323 1.0
5.15829721 8.3262608 1.0
4.52997439 3.9383087 -1.0
6.66117455 6.6153991 1.0
3.19837721 2.6338106 -1.0
1.7235286  2.6965141 -1.0
4.45715611 2.0227532 -1.0
5.27648173 4.9221658 1.0
2.91110732 1.8796974 -1.0
3.39492635 2.4379996 -1.0
5.20722656 5.6524061 1.0
6.75535691 7.6215829 1.0
6.20620348 5.4398609 1.0
7.09911019 6.2350700 1.0
6.82435259 6.1940603 1.0
1.58486714 2.9042849 -1.0
5.89149082 6.1691701 1.0
1.25824351 2.4734559 -1.0
6.4081594  5.3965054 1.0
6.47631254 5.9632666 1.0
3.72679898 1.4969861 -1.0
5.4144101  6.3654584 1.0
2.9293989  3.1694094 -1.0
6.41966666 4.5413411 1.0
5.48896875 5.5181618 1.0
4.47848737 4.6632183 1.0
6.45500179 7.2419712 1.0
3.90125307 3.1001721 -1.0
3.57222982 2.8078342 -1.0
3.17684335 3.4578417 -1.0
3.27096471 3.6359133 -1.0
7.30119501 4.1502921 1.0
3.60975281 1.7023424 -1.0
2.65124446 4.0962077 -1.0
4.08523388 3.7719844 -1.0
6.73653479 5.7144013 1.0
3.29958321 4.5766606 -1.0
2.62250021 3.4088471 -1.0
1.70487409 2.220486  -1.0
6.50190913 7.1263896 1.0
6.43264979 6.2637515 1.0
4.32018838 3.6287122 -1.0
2.82382151 1.3215962 -1.0
2.99437762 2.2759991 -1.0
1.23390294 3.8863312 -1.0
3.71326061 3.1973824 -1.0
3.22512741 3.4934134 -1.0
3.62406647 2.7445681 -1.0
3.07661149 2.3361648 -1.0
2.07873122 4.6767692 -1.0
4.82207482 4.9922723 1.0
2.58861608 1.6269097 -1.0
2.86320162 1.3837922 -1.0
4.0569217  2.5334510 -1.0
6.78636555 5.8051451 1.0
0.92719618 3.3118615 -1.0
4.86958859 6.957556  1.0
7.0640119 5.525200 1.0
2.40595936 4.3127332 -1.0
3.62167729 1.2535128 -1.0
6.67377542 5.2066196 1.0
3.03681964 2.7394180 -1.0
6.22733882 7.0907012 1.0
3.47008848 3.1665425 -1.0
4.06624749 4.4876165 -1.0
6.18738055 5.1605823 1.0
6.81966905 4.3808120 1.0
6.49453563 4.9024647 1.0
2.92781257 2.9324479 -1.0
5.31977696 7.4403060 1.0
2.79192614 2.5891948 -1.0
6.74592099 6.0418192 1.0
4.09169663 6.409123  1.0
6.88585787 6.1018924 1.0
3.71726288 4.3605143 -1.0
5.88585728 5.3928565 1.0
1.27395399 2.1897996 -1.0
7.29731183 4.3545728 1.0
7.82383563 7.7809509 1.0
2.40542004 4.9856656 -1.0
1.21895223 3.3529859 -1.0
3.35672581 3.3773444 -1.0
3.95426469 4.2518988 -1.0
5.29905932 6.3156596 1.0
7.72946219 4.5750302 1.0
4.7596079  6.0501535 1.0
3.63173628 2.8439871 -1.0
0.4445644 2.984772 -1.0
4.52227345 2.3091835 -1.0
5.62709575 6.8048404 1.0
2.79794822 1.7574623 -1.0
6.95611686 6.0403188 1.0
2.13290396 2.2367413 -1.0
3.03375856 2.7289136 -1.0
4.72421082 4.8735392 1.0
2.62628404 2.2163912 -1.0
7.88050987 6.7838869 1.0
3.11679583 3.7782857 -1.0
2.39353655 3.8717087 -1.0
6.57044966 5.6873763 1.0
6.90288193 5.5004970 1.0
5.53515919 5.9617106 1.0
1.43658531 2.7753674 -1.0
8.90387116 6.5097463 1.0
5.41390122 4.8870899 1.0
6.62321621 5.3979265 1.0
6.36271361 5.0815890 1.0
4.455235   4.6084756 1.0
5.67555534 5.5658712 1.0
4.96865193 6.3719629 1.0
2.1463167  4.0535683 -1.0
1.79361992 4.4865714 -1.0
6.76900337 5.7610647 1.0
4.46012817 6.6701495 1.0
3.66188004 3.3076116 -1.0
4.27300673 2.4076277 -1.0
6.6358633  5.6034672 1.0
2.42443091 3.7923826 -1.0
3.61948086 3.0699238 -1.0
2.81725681 1.1669159 -1.0
3.53662288 4.0608464 -1.0
6.7431113  5.5856851 1.0
6.75459586 5.4731459 1.0
2.65133544 3.6269340 -1.0
4.35248317 7.1032092 1.0
6.46426924 4.7778370 1.0
5.57270107 3.6363919 -1.0
2.13206009 4.5090971 -1.0
6.52999065 4.7894623 1.0
2.95574489 3.0477860 -1.0
3.48899338 2.1545315 -1.0
4.49058316 2.2980391 -1.0
3.71775315 3.1598321 -1.0
3.0247958  4.2308625 -1.0
5.20057024 6.8541266 1.0
6.35775738 6.8445051 1.0
4.82171593 1.4035387 -1.0
2.60235212 3.4518357 -1.0
5.39900672 7.5607690 1.0
2.60846366 2.2213263 -1.0
6.58545692 6.7141355 1.0
7.14895769 4.2763283 1.0
6.46935889 5.3652376 1.0
2.67830347 2.3374886 -1.0
2.8210271  1.6162072 -1.0
3.34067921 2.3128435 -1.0
2.35812908 2.0567633 -1.0
1.40755785 3.4362816 -1.0
3.56264723 5.3468056 1.0
2.25934783 5.4595951 -1.0
4.39985085 2.2209980 -1.0
4.30848842 3.8908473 -1.0
6.18757066 6.3180712 1.0
4.46876572 4.3353245 -1.0
2.60585151 2.9458595 -1.0
4.91754822 6.2215288 1.0
4.6991618  7.7643160 1.0
5.78778718 5.1980854 1.0
5.50471246 3.9181932 1.0
2.58043621 1.9920198 -1.0
2.78198684 4.1531896 -1.0
6.03533607 6.3053063 1.0
2.89668151 1.2175721 -1.0
5.47657091 4.0786500 -1.0
3.06735298 5.0515185 -1.0
1.36488413 1.9743877 -1.0
4.96738646 6.0590863 1.0
3.70432573 3.3306216 -1.0
3.89688271 4.0566638 -1.0
5.65769048 7.2354319 1.0
5.79402495 8.0925032 1.0
6.6115825  5.9335007 1.0
3.40092918 2.8110326 -1.0
2.97135868 3.2189950 -1.0
5.16014473 4.3310145 -1.0
2.32303335 3.3940528 -1.0
2.92240735 0.7970156 -1.0
2.50927951 2.9685030 -1.0
6.30514694 5.7375769 1.0
5.8090307  4.9152281 1.0
5.71777929 6.902393  1.0
7.41796315 7.4498190 1.0
3.38866131 2.9939903 -1.0
3.76589238 3.0335046 -1.0
2.54474187 3.5117488 -1.0
4.47804237 6.4415605 1.0
3.44800979 2.4382924 -1.0
2.55819479 4.0308643 -1.0
3.5093159  3.5412505 -1.0
4.29937489 3.2808671 -1.0
0.72225193 3.0732956 -1.0
2.58997193 2.5674895 -1.0
2.12073417 2.7550102 -1.0
6.47236887 5.5429458 1.0
2.65060515 2.3296139 -1.0
3.94221955 2.1038633 -1.0
2.94351957 1.8388730 -1.0
5.45262707 7.1772683 1.0
4.13727386 4.5888791 1.0
6.05170916 4.4839608 1.0
2.31634359 4.0881375 -1.0
7.12529929 7.4456502 1.0
6.34181583 5.0052923 1.0
5.02505667 6.5115165 1.0
5.51654446 7.2107555 1.0
6.92402567 6.6589947 1.0
5.33495409 3.5359986 -1.0
2.75431212 1.3809336 -1.0
5.86685788 5.9486790 1.0
2.40437719 5.9969443 -1.0
6.00009088 7.0660242 1.0
6.92293371 6.0910216 1.0
2.45554324 3.6688286 -1.0
2.16677114 2.6779757 -1.0
3.38039516 1.8895326 -1.0
4.21015424 1.4004292 -1.0
3.39940668 3.2150410 -1.0
2.62968953 2.4151817 -1.0
7.24219701 6.3725820 1.0
4.8167316  6.5495547 1.0
1.88410806 1.9314238 -1.0
2.86263594 1.6381810 -1.0
3.27023968 1.3547721 -1.0
1.67577834 2.4468957 -1.0
1.63995681 0.9796700 -1.0
4.29256827 4.6602254 -1.0
5.58069482 6.5587011 1.0
6.28911206 5.2086850 1.0
3.11804819 4.0957362 -1.0
2.9270132  4.6092247 -1.0
1.96634068 3.7190949 -1.0
2.99726264 3.9429527 -1.0
6.23927864 4.8851327 1.0
3.16603711 4.4883143 -1.0
5.03181217 3.1771842 -1.0
7.37292062 4.5958703 1.0
5.13235796 7.3411067 1.0
5.95830072 6.0890206 1.0
6.16965176 6.5559465 1.0
1.7286732  3.3239410 -1.0
5.76425848 4.1391464 1.0
3.28258788 1.6993976 -1.0
6.16456213 5.2733931 1.0
6.43246705 5.5519891 1.0
5.55343106 4.3064564 1.0
3.74517669 1.9505532 -1.0
6.96325466 6.3722481 1.0
3.69987338 2.7501026 -1.0
5.83712748 7.6604686 1.0
3.51825014 3.2042489 -1.0
6.63610772 6.5229082 1.0
2.37200522 2.0122175 -1.0
2.50376811 2.1134782 -1.0
1.8900012  1.9959816 -1.0
3.27366317 2.4565387 -1.0
7.60548309 5.5853530 1.0
6.98413796 4.1974808 1.0
3.63104247 1.7171493 -1.0
3.46619111 4.6223698 -1.0
6.61775993 4.2449552 1.0
5.1697494  2.9895783 -1.0
6.0224606  6.9184839 1.0
6.26226273 7.9015228 1.0
2.53088687 3.8069063 -1.0
3.19783657 4.7393212 -1.0
2.44576482 3.6093705 -1.0
4.23940938 2.9040216 -1.0
3.70700667 3.6210401 -1.0
6.96276259 5.8278577 1.0
3.77839577 2.4515013 -1.0
5.41345511 4.9851974 1.0
3.63621641 2.4067242 -1.0
5.36761826 7.2138941 1.0
3.10466874 3.0978634 -1.0
5.39488471 6.8765520 1.0
7.1100978  4.7518530 1.0
6.65632605 5.9130000 1.0
7.7446432  6.9699046 1.0
3.05345893 2.3206170 -1.0
6.03925093 6.0446482 1.0
3.0941203  2.7847499 -1.0
0.52779223 3.1586826 -1.0
6.42168285 4.7605106 1.0
7.19556425 7.7482101 1.0
6.59773956 5.631472  1.0
3.88477109 2.1475301 -1.0
6.07048489 4.9965561 1.0
3.43156991 2.8157605 -1.0
7.12910827 3.8261436 1.0
4.67339316 6.6618144 1.0
4.54925672 6.5259758 1.0
4.45314607 3.7510053 -1.0
2.53967888 2.3313345 -1.0
6.09778712 6.9871789 1.0
5.59638497 5.9687661 1.0
2.63023565 1.6327542 -1.0
5.50572204 6.5211316 1.0
4.32752412 4.7604378 1.0
5.34829726 6.4432069 1.0
6.19968892 6.5060623 1.0
3.25904649 4.3392916 1.0
7.97415549 6.1686097 1.0
3.79158034 4.07841   -1.0
5.82764145 5.0688077 1.0
6.09476388 5.9693282 1.0
4.28111196 1.5538833 -1.0
0.61531137 3.3208935 -1.0
6.93585712 6.3218431 1.0
3.6960702  3.3399105 -1.0
2.98265431 3.6876654 -1.0
5.36187727 5.1847417 1.0
4.65597355 6.7707015 1.0
4.88920674 3.4210173 -1.0
6.34644128 5.9632208 1.0
3.34865774 4.7557892 -1.0
3.06391865 2.6522149 -1.0
3.05506074 5.3375800 -1.0
7.73131238 6.4310647 1.0
2.6471542  2.9555652 -1.0
6.29010618 9.1736783 1.0
6.001612   5.9158396 1.0
6.48296659 6.0916434 1.0
3.69363317 2.5969073 -1.0
5.52476586 5.9112024 1.0
1.19917048 3.1597666 -1.0
5.84371066 5.9682861 1.0
1.53520231 2.3645929 -1.0
7.26035589 7.5678062 1.0
5.94514955 6.1142100 1.0
3.64088698 2.6428127 -1.0
5.53201926 2.1251178 -1.0
3.60144919 7.0825765 1.0
2.58475413 3.1676016 -1.0
3.00402007 3.1533667 -1.0
5.56587199 4.8533691 1.0
6.09982362 5.7744854 1.0
5.14036164 4.7517653 1.0
7.51079577 4.8461142 1.0
3.26776006 2.1229855 -1.0
6.60365464 6.0220680 1.0
7.54660298 3.9573318 1.0
5.298021   6.4428587 1.0
6.97593768 8.1705513 1.0
6.22092359 6.8091206 1.0
2.58897543 5.1265672 -1.0
5.62885402 5.0876305 1.0
6.64647821 5.7447343 1.0
5.69953166 4.1125180 -1.0
4.49488946 5.9545011 1.0
4.70893029 6.7308432 1.0
2.35306863 4.4403003 -1.0
5.73500491 6.5409879 1.0
5.40923834 4.4248072 1.0
4.32661763 5.9971512 1.0
5.63161897 5.5969978 1.0
6.66145772 6.9437461 1.0
5.12265535 6.2961757 1.0
6.63016596 6.2488215 1.0
5.85329118 7.0271197 1.0
5.9066001  5.9571466 1.0
3.38346187 2.3243184 -1.0
7.39019119 5.9498442 1.0
6.20182659 5.9588421 1.0
5.90374143 7.9694971 1.0
3.45339078 1.9316663 -1.0
3.09849739 3.9279983 -1.0
4.65648747 3.7734001 -1.0
3.32401409 3.5667736 -1.0
2.7740173  2.4305600 -1.0
6.0283695  6.7209180 1.0
3.30762972 1.3739190 -1.0
5.53285706 7.3768061 1.0
2.68190934 3.5086638 -1.0
7.43331406 7.0130482 1.0
2.95724932 2.9480689 -1.0
1.98328133 2.3745601 -1.0
2.5391139  3.8819892 -1.0
2.79691973 1.8180563 -1.0
2.00420441 2.9235153 -1.0
5.73849326 5.8070092 1.0
6.09377999 5.8135040 1.0
2.75435901 3.0072950 -1.0
6.30926208 4.5287135 1.0
4.62857463 4.0000879 1.0
6.61403731 4.9153527 1.0
5.2738991  5.4536878 1.0
5.35721801 6.1434247 1.0
5.50612608 4.2494622 1.0
3.34974439 2.0648154 -1.0
5.95477786 4.8522402 1.0
5.44082258 6.4272163 1.0
4.4640989  4.7803258 1.0
3.25813982 3.4894677 -1.0
5.44614728 5.0208126 1.0
1.85010535 2.6851838 -1.0
6.08012511 7.1447089 1.0
6.63534699 5.7497964 1.0
6.46378223 7.4683295 1.0
4.47744816 4.2904254 1.0
7.61544944 5.9649292 1.0
2.99839393 2.9926606 -1.0
3.83497702 4.0930505 -1.0
7.92786659 4.9092945 1.0
4.22961686 4.2222488 -1.0
4.71325188 4.1625466 -1.0
4.90813818 6.3663933 1.0
5.37183559 4.8178908 1.0
4.20974547 2.7634821 -1.0
6.77119219 4.8018974 1.0
6.3174003  6.2989550 1.0
6.43768523 7.1894560 1.0
6.35558701 5.972974  1.0
2.80858221 2.4893147 -1.0
3.08797177 5.5440807 -1.0
5.66934412 6.8305854 1.0
7.21585534 4.9235236 1.0
6.01045511 5.6574660 1.0
3.35947305 3.4909750 -1.0
2.26381834 2.9685703 -1.0
3.96016149 3.2825271 -1.0
2.30618948 4.2900717 -1.0
6.57238041 4.9775251 1.0
2.79733596 2.3625369 -1.0
7.58948959 5.0150389 1.0
6.96437474 8.1410723 1.0
6.81997641 5.4851781 1.0
1.72012332 4.3367276 -1.0
4.40210946 1.6079659 -1.0
2.67056844 2.4586234 -1.0
5.3215965  7.8751683 1.0
5.83873041 6.1223995 1.0
2.17805476 4.1935827 -1.0
2.36821918 2.0809432 -1.0
6.24613549 6.5861787 1.0
6.67651951 4.5230807 1.0
2.76061699 2.9417527 -1.0
4.47573662 2.6809630 -1.0
6.7085266  6.7953022 1.0
1.41376889 1.8210188 -1.0
6.79819666 4.6765909 1.0
6.05788271 6.8052556 1.0
6.84898156 8.0589062 1.0
2.41622118 3.1901724 -1.0
6.24363697 5.9542236 1.0
6.30839052 3.0785545 1.0
6.24800028 5.1652592 -1.0
5.20754996 5.7918364 1.0
4.24445364 2.8537831 -1.0
5.5444122  4.7312679 1.0
3.1968238  4.0378321 -1.0
4.58365169 5.5142361 1.0
2.95700938 2.8279791 -1.0
1.50109216 3.4322649 -1.0
2.74339256 2.9797585 -1.0
4.01999201 2.9292828 -1.0
5.93422557 5.6056065 1.0
5.86189502 7.2462859 1.0
2.99912186 3.9660288 -1.0
4.21857491 4.3807219 -1.0
5.36454485 6.7059008 1.0
3.31210864 3.4217692 -1.0
5.58501717 6.4424941 1.0
6.25812296 4.7804828 1.0
6.51170221 6.0067021 1.0
1.61633324 2.7264610 -1.0
5.5914113  6.8758668 1.0
2.55097766 1.3325999 -1.0
6.65159457 7.3892765 1.0
7.04479754 5.7466587 1.0
1.61743331 2.7131211 -1.0
2.89923394 2.5211950 -1.0
7.16609035 6.8171152 1.0
5.21426786 5.1551851 1.0
6.33037848 5.2968789 1.0
3.29768206 5.4613965 -1.0
2.03069598 2.6648434 -1.0
5.02651379 6.7154643 1.0
5.08335281 5.3021670 1.0
2.03606339 2.7481640 -1.0
7.00896342 3.7277993 1.0
3.60152017 2.7501579 -1.0
2.70780399 4.4011316 -1.0
5.08400669 6.0302514 1.0
2.1919264  2.6436214 -1.0
9.07384133 5.6433408 1.0
7.7091808  3.6367421 1.0
6.43100849 6.2340290 1.0
3.65388726 2.7834062 -1.0
6.6603798  5.7083844 1.0
5.94597246 6.3314676 1.0
2.82442719 3.1078202 -1.0
2.3375805  3.2448846 -1.0
2.14827669 2.5164589 -1.0
5.66530093 6.1461988 1.0
4.16612089 3.6464280 -1.0
3.35851916 3.8160497 -1.0
3.24772686 2.6391422 -1.0
6.88164646 7.1823772 1.0
5.77095846 4.9035862 1.0
6.01768131 6.5031730 1.0
6.30958074 5.4925891 1.0
6.97570395 4.6640474 1.0
4.9400991  5.2475995 1.0
5.96360508 6.5441379 1.0
2.48827334 2.0601392 -1.0
2.77445943 3.6996852 -1.0
7.55304972 6.6067257 1.0
4.50081347 5.0294863 1.0
7.35315686 6.8216221 1.0
4.35813286 3.5182934 -1.0
4.38739892 6.5676132 1.0
4.05682857 2.4375374 -1.0
3.25736289 4.0491105 -1.0
5.64892738 3.1376878 -1.0
1.49975357 2.6934512 -1.0
4.78741852 8.8398533 1.0
3.45036166 3.115685  -1.0
3.85678351 5.9996579 1.0
4.19492153 4.1832448 -1.0
0.93938464 2.2493815 -1.0
6.79223738 8.9534416 1.0
6.36490483 4.8800466 1.0
3.02575187 3.1191973 -1.0
4.45721002 2.7650772 -1.0
3.1569467  2.8541092 -1.0
2.62666194 5.2539693 -1.0
5.8800857  6.6388974 1.0
7.35680083 6.8320535 1.0
3.38468056 2.1788491 -1.0
7.22090137 5.5561841 1.0
5.49352247 4.5951715 1.0
2.3773623  3.7602919 -1.0
3.40646234 1.0802338 -1.0
7.4835074 6.761274 1.0
4.11585211 2.1279682 -1.0
4.61827838 5.5780138 1.0
5.39593424 5.7996384 1.0
4.30067163 6.0138131 1.0
3.28108851 2.7958303 -1.0
6.76128157 6.4584691 1.0
1.48318936 3.5890705 -1.0
3.65569563 3.4289466 -1.0
5.65467175 3.8104086 1.0
6.72487013 6.0309974 1.0
5.11343416 6.1324332 1.0
2.63020144 4.6207134 -1.0
2.04493674 2.7366518 -1.0
2.71327332 1.8864682 -1.0
2.5575486 3.140413 -1.0
6.18381303 7.1579468 1.0
5.4072759  8.0928971 1.0
4.16477525 3.8980480 -1.0
2.45955319 3.6431252 -1.0
5.47201217 3.7652538 -1.0
7.50851991 5.5007664 1.0
4.81915671 7.1586098 1.0
4.86219752 6.7964540 1.0
2.95197532 2.8782427 -1.0
4.83727605 3.3255254 -1.0
5.43662056 5.0982394 1.0
4.92743438 5.3024364 1.0
2.44926816 2.2625059 -1.0
5.24499116 6.3115490 1.0
5.3849272  5.3005491 1.0
3.44008105 1.9737370 -1.0
6.48600529 4.7786562 1.0
5.38637989 2.9005728 -1.0
5.40674533 7.6849648 1.0
4.38171167 3.2449055 -1.0
2.07208665 1.8753386 -1.0
2.0777759  1.8288336 -1.0
3.31241311 1.4591247 -1.0
2.83903406 3.0685457 -1.0
3.99636329 1.9713296 -1.0
3.18625887 4.4260048 -1.0
2.33544704 3.5131159 -1.0
7.48980306 5.6043180 1.0
5.4172037  5.8168626 1.0
2.24123843 2.1543575 -1.0
1.93835331 2.9243645 -1.0
3.63810982 2.1305625 -1.0
5.14218398 5.7667428 1.0
6.44935356 7.0724371 1.0
1.99312284 3.6475263 -1.0
3.35076967 2.4432529 -1.0
0.58165837 2.9722845 -1.0
5.57863991 5.6816097 1.0
5.76747163 8.9858628 1.0
7.37571822 7.6723372 1.0
6.76259378 6.1369910 1.0
6.41319813 5.2866499 1.0
6.41054578 5.5329598 1.0
1.65966656 2.3722027 -1.0
3.19604642 2.1381108 -1.0
4.65117466 2.5413252 -1.0
0.73221715 1.8754422 -1.0
6.41467274 5.8758483 1.0
3.50849184 4.6476531 -1.0
2.07790783 2.2328433 -1.0
2.44305492 4.087615  -1.0
3.86240906 4.1257456 -1.0
5.54005812 5.9460470 1.0
1.94369183 2.6395382 -1.0
6.31539975 6.7124029 1.0
7.71119369 7.2696540 1.0
2.81869713 2.6102588 -1.0
3.54694525 4.3651405 -1.0
5.19206344 6.0310018 1.0
3.59849419 4.0385746 -1.0
4.59485438 2.6539554 -1.0
6.07321798 4.8655918 1.0
3.30997084 3.6873904 -1.0
6.66011579 4.6702461 1.0
1.77494464 4.1364372 -1.0
5.23122241 2.2048562 -1.0
6.40493135 5.3194619 1.0
6.79488357 5.7185730 1.0
6.63687812 4.7430905 1.0
2.19586969 3.8264871 -1.0
4.10371785 5.4715019 -1.0
2.45418401 2.6501591 -1.0
6.23931688 6.4408547 1.0
5.71932924 6.4414428 1.0
2.48049953 3.6404144 -1.0
4.97091738 5.3261461 1.0
2.25294346 2.8913527 -1.0
4.08301782 3.3516588 -1.0
2.53999158 4.0214053 -1.0
6.63720671 4.5349409 1.0
4.96502394 5.8457681 1.0
2.12638598 2.6845194 -1.0
4.09846648 2.8134685 -1.0
5.11130761 6.8585598 1.0
6.91244645 6.8814323 1.0
2.81924086 2.8914444 -1.0
2.67063187 3.2099402 -1.0
2.37058689 3.7146544 -1.0
5.8425449  3.7786173 1.0
4.89458019 5.4236026 1.0
5.24655091 4.1595693 1.0
7.17182547 7.4245096 1.0
6.21172867 5.6883550 1.0
3.38060291 4.0717190 -1.0
2.27961454 4.1880614 -1.0
6.23551185 5.6945632 1.0
3.25035261 4.5548032 -1.0
3.05872693 3.3157163 -1.0
5.7180643  5.8265294 1.0
4.72028592 2.4956096 -1.0
0.66380049 2.7688607 -1.0
5.15916425 7.6472063 1.0
2.66555621 3.2853677 -1.0
1.66955162 2.6558097 -1.0
3.06150362 8.1092388 1.0
2.14663787 3.1501738 -1.0
4.89257777 5.1192220 1.0
2.99705091 3.6660495 -1.0
6.5093393  5.2984719 1.0
6.90899825 3.5064702 1.0
4.6217514  4.5727017 1.0
3.13130462 4.2279666 -1.0
5.41834257 6.9349959 1.0
3.99316321 2.4129500 -1.0
2.51199603 2.1542713 -1.0
3.93656858 6.1498371 1.0
5.51343788 4.7417651 1.0
2.61397946 3.3793122 -1.0
3.47733178 2.1223844 -1.0
3.40249883 4.7850745 -1.0
4.97668417 5.8941279 1.0
4.12236233 4.8391936 1.0
2.36017123 5.7244514 -1.0
2.69406405 5.1613209 -1.0
4.6275319  3.6989063 -1.0
6.79168042 4.8423187 1.0
5.940314   5.6776014 1.0
2.39118983 3.9634260 -1.0
4.56434773 5.8299598 1.0
5.96188627 4.9810648 1.0
5.79114468 5.7491478 1.0
3.52074568 4.1296260 -1.0
1.75388659 1.6708286 -1.0
3.1350503  3.3553733 -1.0
1.56774684 2.9088477 -1.0
6.61544261 4.8906572 1.0
7.09917084 7.6002461 1.0
6.01297214 5.1328448 1.0
2.86513952 3.6189218 -1.0
6.7315393  6.6787013 1.0
4.24274933 3.4548023 -1.0
5.70695548 5.6479968 1.0
2.5606276  2.5193654 -1.0
2.16951165 1.6950502 -1.0
6.9220175  6.4047460 1.0
0.86180135 0.9052503 -1.0
5.15927793 4.3573504 1.0
5.75425453 5.5932623 1.0
3.6549374  3.2478118 -1.0
6.1358828  7.6957373 1.0
4.98482202 6.0748155 1.0
6.79606734 5.4342289 1.0
2.21052617 2.7647429 -1.0
5.48452847 6.5928777 1.0
2.69453349 4.6941192 -1.0
7.11344295 6.1096423 1.0
3.96599369 1.6346113 -1.0
7.17873816 6.4054844 1.0
8.4361228  5.1930544 1.0
3.7637255  2.0732052 -1.0
3.19269829 3.1966132 -1.0
5.74287557 5.3752888 1.0
5.87834695 6.7245169 1.0
6.81133707 7.2642256 1.0
8.07023831 4.1989518 1.0
5.24789927 7.2731375 1.0
0.65389632 1.6978513 -1.0
6.20478408 2.8553202 -1.0
6.81026496 7.7401901 1.0
2.14851923 2.3648740 -1.0
3.07789806 3.4202682 -1.0
1.64387736 2.8238476 -1.0
6.49141991 6.4730906 1.0
6.88045375 6.6863912 1.0
7.03196904 7.0200403 1.0
2.86931304 2.7203315 -1.0
1.14095892 2.5767072 -1.0
4.03586635 5.9012491 1.0
5.27843771 5.6958909 1.0
7.54723162 5.1728618 1.0
3.42825667 2.5225834 -1.0
2.71301303 3.9455103 -1.0
6.56286199 6.6187803 1.0
2.73113995 2.3066691 -1.0
3.53239746 3.8228643 -1.0
5.61205438 6.4276492 1.0
2.85990772 1.9006864 -1.0
3.03911892 2.3724780 -1.0
3.51223754 3.5515133 -1.0
2.51563437 3.4905895 -1.0
6.7396111  4.3514731 1.0
3.04906968 0.9958265 -1.0
4.69053256 4.2385498 1.0
2.3962403  1.7422260 -1.0
5.40730512 7.2191658 1.0
5.18250001 4.6715961 1.0
4.50629312 5.9499129 1.0
5.31084779 6.1933688 1.0
4.10602643 3.2072039 -1.0
5.03837273 4.3035836 -1.0
5.76105585 5.5078088 1.0
5.609145   7.7040912 1.0
4.40044679 1.8742288 -1.0
2.09636164 3.4262866 -1.0
6.96392115 5.7123134 1.0
0.91043955 2.8114130 -1.0
7.28191232 5.8111462 1.0
5.8524301  4.8705780 1.0
5.48629756 7.4567700 1.0
6.13518085 5.0192113 1.0
1.54345854 2.0857914 -1.0
1.84449285 2.9277238 -1.0
4.12887543 8.1558495 1.0
5.34450122 5.5412597 1.0
6.3834316  5.3632605 1.0
4.09301846 1.7074051 -1.0
3.28878097 2.7509526 -1.0
1.38494566 2.598865  -1.0
5.4292935  5.6831867 1.0
3.78391595 4.2854465 -1.0
2.94951068 2.4339789 -1.0
7.47505474 5.4911614 1.0
4.85914004 2.2061032 -1.0
1.45120846 1.9883780 -1.0
2.56640924 3.6904054 -1.0
2.55396425 2.0089451 -1.0
3.26078767 4.0640336 -1.0
6.39701375 5.5567354 1.0
5.50828049 7.1725783 1.0
5.17278051 2.9961225 -1.0
4.75018476 4.9058654 1.0
2.36333922 4.2347910 -1.0
1.65877851 2.6216226 -1.0
2.6058655  1.1426994 -1.0
2.93274841 3.7037382 -1.0
2.24901552 5.5045670 -1.0
2.08871896 2.7392127 -1.0
4.853068   6.3348604 1.0
7.63163045 6.4543864 1.0
5.80106084 4.4703941 1.0
8.43473512 8.0917865 1.0
2.75859596 2.8333857 -1.0
7.71310043 4.7744658 1.0
4.70010004 2.9226597 1.0
1.80126931 3.2289943 -1.0
3.90891813 3.2529013 -1.0
5.12583782 6.3016882 1.0
1.73524127 4.0032045 -1.0
2.30094431 2.7843850 -1.0
8.41787722 6.7191202 1.0
1.40269666 5.2366878 -1.0
6.04998578 5.0235315 1.0
3.91650448 1.5118014 -1.0
5.0147415  5.8845752 1.0
2.34630875 2.3584397 -1.0
3.85163214 3.6291120 -1.0
2.43427723 3.9499818 -1.0
3.06417172 1.5294425 -1.0
3.41256997 3.8252659 -1.0
3.03603545 3.4159109 -1.0
6.32492336 3.4654482 1.0
3.38102095 2.2222227 -1.0
6.46104674 4.5995999 1.0
4.4594109  2.9849556 -1.0
2.69636348 2.4568478 -1.0
3.71318609 3.0973451 -1.0
4.48152416 3.7867983 -1.0
3.72281503 1.6262543 -1.0
3.23641777 3.2739829 -1.0
3.30908422 2.5294251 -1.0
2.79140046 1.0236000 -1.0
4.5407864 3.051257 -1.0
1.88539802 2.5781874 -1.0
1.89520862 3.5353915 -1.0
6.85160319 6.1990000 1.0
2.86347853 2.6705416 -1.0
6.87366749 5.8967628 1.0
2.78231654 2.4147784 -1.0
5.8294419  4.7450230 1.0
3.5831346  2.6337954 -1.0
5.32212456 7.0664157 1.0
6.2936954 5.423371 1.0
5.59092443 5.9342549 1.0
2.63842823 1.9120130 -1.0
3.55095293 2.0290923 -1.0
3.78848408 3.1177262 -1.0
3.29508122 6.8030820 1.0
2.25968262 2.7605128 -1.0
1.38932958 4.4971447 -1.0
2.19785896 2.0424366 -1.0
4.64750607 6.3613436 1.0
4.73254645 3.6384952 -1.0
3.70993337 3.2654273 -1.0
3.29098469 3.1122922 -1.0
6.40698097 5.0570271 1.0
5.76834956 7.3039448 1.0
5.15463654 6.9364802 1.0
7.66080769 7.7516870 1.0
6.37533703 5.4765022 1.0
6.04225962 5.4325615 1.0
2.27490118 1.6532099 -1.0
1.97754202 3.4658661 -1.0
4.3764949  6.9857701 1.0
2.10776073 2.4768013 -1.0
6.92622741 5.9700073 1.0
4.69445473 5.6489915 1.0
2.31520063 2.0875956 -1.0
5.66553086 6.6800193 1.0
3.27358526 4.1498651 -1.0
6.13245623 6.5225982 1.0
7.13843396 6.1147991 1.0
4.48682984 5.4917435 1.0
2.66628042 2.2386649 -1.0
6.98787048 7.7245591 1.0
2.24710467 2.0438211 -1.0
2.75457464 3.8918658 -1.0
1.47671574 2.5053546 -1.0
7.71610016 4.7771385 1.0
6.27160106 5.2569589 1.0
2.86132922 3.5205783 -1.0
5.79827536 5.9370720 1.0
3.19537802 3.6169778 -1.0
2.92873754 3.3748250 -1.0
5.95360524 5.1248439 1.0
7.95638805 6.9546697 1.0
3.71686868 6.2994931 1.0
6.13633623 4.6158997 1.0
6.62862832 4.7658175 1.0
3.01294393 1.8911614 -1.0
7.37670805 5.7920484 1.0
5.59913712 7.1839026 1.0
1.93979426 3.4594032 -1.0
3.18110548 4.3192802 -1.0
2.16545807 3.0101136 -1.0
1.92299314 4.1439002 -1.0
7.47398195 6.0319799 1.0
7.25783084 5.1141636 1.0
8.56339579 4.9160637 1.0
6.43202807 6.3217357 1.0
3.00983112 2.5750429 -1.0
3.69610538 3.5137022 -1.0
7.44032804 6.0520178 1.0
6.34424747 4.7577849 1.0
1.44501393 3.7203516 -1.0
3.0715579  2.5390743 -1.0
4.76373825 6.0160428 1.0
6.46439802 4.4830173 1.0
2.66573324 3.7604270 -1.0
7.30745512 7.224357  1.0
6.63590327 7.6206152 1.0
4.49628479 5.6626610 1.0
2.36576596 1.9370657 -1.0
1.60314518 1.7508202 -1.0
4.60846083 7.0095984 1.0
2.24941003 2.6328932 -1.0
6.04616628 5.0769556 1.0
6.99928357 5.4184785 1.0
2.0559176  2.0091553 -1.0
7.66828786 6.1384149 1.0
4.75827189 2.5576444 -1.0
5.14073654 6.6698212 1.0
3.02698763 2.2051856 -1.0
7.09439507 5.8061629 1.0
3.60816772 1.1593773 -1.0
1.62506378 3.2301435 -1.0
6.15104314 6.6236089 1.0
3.66660964 2.5125378 -1.0
2.5493514  4.1815777 -1.0
4.53549186 4.2476877 -1.0
3.18993394 3.7807266 -1.0
3.29313034 3.6686723 -1.0
6.62648218 4.8712460 1.0
4.77743123 6.0953540 1.0
4.58445961 5.9394408 1.0
1.69120837 1.9346863 -1.0
3.09678104 4.0209888 -1.0
4.17117908 7.831408  1.0
3.64673927 4.1006188 -1.0
4.51062455 3.6202324 -1.0
6.38443441 7.3271405 1.0
2.12204822 4.1938158 -1.0
6.23205378 6.5804512 1.0
1.7496371 2.750116 -1.0
3.56623347 3.8363200 -1.0
5.88721277 7.1732970 1.0
2.04214583 2.8442570 -1.0
2.76864927 2.9179174 -1.0
3.9596254  1.7212340 -1.0
6.33753418 5.4740969 1.0
4.40122511 2.3850101 -1.0
3.45955192 2.7680637 -1.0
5.33001617 6.4986015 1.0
4.15233493 3.8665191 -1.0
0.86370373 3.9147509 -1.0
1.93925426 1.5211101 -1.0
3.28561687 2.4914144 -1.0
6.28019468 7.8262992 1.0
7.87729522 6.5972378 1.0
4.60383898 2.4500664 -1.0
4.80977187 4.7934126 1.0
7.75359138 8.1234169 1.0
3.57349555 6.4079738 1.0
0.9450776  3.5186393 -1.0
5.41108205 1.5451867 -1.0
1.61642031 2.8302711 -1.0
2.52160341 2.3837954 -1.0
3.63108382 2.6981535 -1.0
2.66346251 3.0687513 -1.0
5.67473716 7.0551074 1.0
3.78059746 3.4181167 -1.0
6.3060731  4.4726661 1.0
3.33910647 3.2288260 -1.0
3.78703535 2.0763845 -1.0
3.17807041 1.2897497 -1.0
6.90569089 6.3043708 1.0
1.98859821 4.5095796 -1.0
3.44412594 2.9077694 -1.0
6.36006271 5.4808550 1.0
6.98704078 5.6135599 1.0
5.32025188 5.4561383 1.0
3.19514513 2.3466427 -1.0
6.49555378 5.0735277 1.0
6.13898047 6.8667499 1.0
5.17819718 7.6372206 1.0
2.90777113 3.6467842 -1.0
5.99814584 7.4912755 1.0
5.56565075 5.8968941 1.0
5.95962824 4.1658927 1.0
1.42043618 2.2729197 -1.0
4.43799787 3.8413766 -1.0
6.68407143 6.3037373 1.0
6.9265166  5.5396007 1.0
6.84708877 4.1294129 1.0
2.16690362 3.3269628 -1.0
3.52497142 1.9375554 -1.0
6.96216601 5.4050728 1.0
2.92647752 1.8478933 -1.0
7.71264809 6.3236801 1.0
3.07652295 1.4631784 -1.0
6.14613487 6.7398210 1.0
2.92866856 2.8313617 -1.0
5.90627167 5.6331268 1.0
6.44850374 7.4512918 1.0
2.22362946 3.0423623 -1.0
5.40358837 5.8429524 1.0
3.3869645  3.9578203 -1.0
2.70903901 2.95695   -1.0
2.48511969 3.0840171 -1.0
6.01608505 5.8124637 1.0
6.05714562 7.7461513 1.0
6.507762   5.7735449 1.0
3.93415301 2.7265248 -1.0
2.0042076  2.7312943 -1.0
4.49182218 1.9210157 -1.0
5.16828719 6.2369588 1.0
6.29963821 5.0183219 1.0
5.91469256 6.1765969 1.0
2.41636995 2.3295997 -1.0
6.32981953 6.6092661 1.0
3.56894224 2.9873233 -1.0
3.07898693 3.9532071 -1.0
6.77253271 4.6820152 1.0
7.43639768 5.0813961 1.0
5.74706163 7.6782498 1.0
6.67595839 5.0690017 1.0
3.71435085 4.5997843 -1.0
6.25736756 6.7781560 1.0
4.5870929  4.5101264 1.0
3.84850601 4.2705225 -1.0
5.9915811  6.8202480 1.0
2.67332706 1.6712495 -1.0
4.70048781 7.1836275 1.0
5.12692855 4.4548701 1.0
6.72822979 7.8244102 1.0
5.94199373 5.2588399 1.0
3.72632126 3.4081423 -1.0
2.53533801 3.4931012 -1.0
5.36490886 6.6410222 1.0
3.3929639  3.4292981 -1.0
6.51818191 6.8569620 1.0
4.7040425  3.7932997 -1.0
5.78936987 5.2975724 1.0
1.57052072 1.3960429 -1.0
7.5257374  7.7859540 1.0
5.46920777 6.3294370 1.0
5.21421257 6.1150546 1.0
2.96654284 2.6564246 -1.0
5.20578477 5.7712058 1.0
2.74032309 3.1920773 -1.0
5.61066883 5.2807178 1.0
6.39788476 4.5782150 1.0
3.84772072 3.9602945 -1.0
3.63728692 4.6183021 -1.0
4.57485442 5.1386646 1.0
4.22874785 5.5155918 -1.0
5.83694311 6.7740274 1.0
5.86383985 5.6377989 1.0
6.56125638 5.7248113 1.0
2.09580007 4.3708182 -1.0
5.1854608  6.4908339 1.0
4.57315098 0.4165536 -1.0
5.91034429 7.2266109 1.0
6.31208318 6.1734097 1.0
6.85676725 6.5877609 1.0
3.49273119 3.9029534 -1.0
2.91375739 1.8193277 -1.0
3.72187046 4.4624306 -1.0
3.65704466 5.6669468 -1.0
7.65280724 6.8977647 1.0
4.39946352 6.4737126 1.0
5.9661903  6.3742264 1.0
3.26159999 2.8685209 -1.0
3.65865132 3.4164035 -1.0
5.24527376 2.2396790 -1.0
4.84903163 5.8570587 1.0
6.01940551 5.0127592 1.0
3.38725913 1.8477029 -1.0
3.01594374 3.4652175 -1.0
3.58575238 2.4057846 -1.0
5.91331706 4.6481413 1.0
3.09395307 2.1019596 -1.0
4.96002302 2.8637495 -1.0
2.03572803 2.8577863 -1.0
2.09424909 2.4572083 -1.0
6.12283116 6.2194003 1.0
4.30867636 3.6582455 -1.0
2.90397502 2.4172443 -1.0
7.17989312 5.4593964 1.0
5.14363286 2.9970387 -1.0
6.55345341 6.4657812 1.0
3.11520543 3.6515305 -1.0
6.22553292 5.6509098 1.0
7.2709901  7.6592338 1.0
3.7181401  2.3187909 -1.0
2.71409457 1.0214507 -1.0
3.15364052 2.8749799 -1.0
6.29663625 6.5642967 1.0
3.37938719 4.0625663 -1.0
4.66630452 4.2336516 -1.0
6.36109278 4.7481158 1.0
2.24363063 1.5248499 -1.0
3.55019953 1.8218520 -1.0
4.2502861  6.2430514 1.0
4.57584758 4.7748598 -1.0
7.38055417 5.4188006 1.0
6.45479395 7.2073639 1.0
5.65039922 6.6618687 1.0
6.03155515 5.9290204 1.0
3.06150662 6.2725294 -1.0
5.109881  6.188636 1.0
2.65066602 3.2474460 -1.0
5.23722711 7.0920397 1.0
2.77208154 2.7765021 -1.0
4.65897624 6.3694888 1.0
4.26360792 6.4808804 1.0
3.22364653 3.996827  -1.0
7.52091521 6.2233743 1.0
5.97699799 4.4149772 1.0
3.85757572 2.8822028 -1.0
3.17532114 3.0067504 -1.0
3.3825899  2.6881002 -1.0
4.9651315  6.2525942 1.0
7.83872991 5.7785949 1.0
7.29078827 6.2421662 1.0
1.86878246 4.5971673 -1.0
4.01722543 4.8004409 1.0
3.79801521 2.8013590 -1.0
7.37189932 5.7564955 1.0
2.64469045 3.9540959 -1.0
6.38027348 5.3418776 1.0
7.01726779 5.1090115 1.0
4.91487443 5.9908539 1.0
6.03612801 3.7997205 1.0
7.23115819 7.2877794 1.0
6.34680843 5.7966341 1.0
7.93634834 6.4203057 1.0
5.63887044 3.4649941 1.0
4.14171547 2.7167427 -1.0
7.12403079 4.4768948 1.0
3.46833488 2.1793267 -1.0
2.9079104  2.8719782 -1.0
3.34657516 2.9987895 -1.0
3.59097153 3.9196979 -1.0
7.05105743 5.8053144 1.0
2.40496189 1.7589188 -1.0
6.5076595 7.100909 1.0
7.1364076  8.1071030 1.0
5.3533049  6.8141637 1.0
2.73810386 3.6591064 -1.0
2.82581787 5.2187913 -1.0
3.1320475  1.5106059 -1.0
2.90180029 3.3030497 -1.0
6.46166804 5.0013481 1.0
6.51233358 5.0626050 1.0
3.44714559 2.7936908 -1.0
7.68295915 6.4021129 1.0
5.66850905 7.5487062 1.0
4.80999016 3.6714328 -1.0
5.00937558 4.8730513 1.0
7.68562471 5.8305926 1.0
2.6958121 1.860022 -1.0
5.92312773 8.7523096 1.0
7.47297905 7.3379307 1.0
2.11008902 3.1627989 -1.0
5.9585701  6.0089355 1.0
3.36963353 3.7511854 -1.0
3.41430454 0.892864  -1.0
5.34636518 2.8889215 -1.0
2.76280692 2.9788581 -1.0
3.78615725 2.3398147 -1.0
3.42390746 2.2635008 -1.0
4.43246173 2.1249603 -1.0
3.632078   2.0321122 -1.0
6.51801959 7.2125943 1.0
4.60547503 1.7495522 -1.0
3.28761459 3.6517586 -1.0
4.0861269  1.8753959 -1.0
2.09240588 2.1284642 -1.0
2.85383639 2.5615982 -1.0
5.13311975 6.1338774 1.0
3.24993718 3.6065448 -1.0
7.32816399 5.5423954 1.0
2.70910513 1.9347296 -1.0
8.85518129 7.1515323 1.0
4.95355446 4.1763795 -1.0
4.83833205 5.6675758 1.0
5.43127781 5.7170208 1.0
3.12449938 4.6405487 -1.0
6.72968658 6.9971935 1.0
6.81100755 6.9575014 1.0
6.52145585 5.5761755 1.0
2.56794248 2.3666298 -1.0
7.76400241 6.4642327 1.0
6.10792668 6.2247392 1.0
5.23313471 5.4732879 1.0
2.98990397 4.2198150 -1.0
6.58903747 5.6260412 1.0
3.89414486 5.5190056 1.0
1.47999689 2.3672614 -1.0
5.65686638 7.4346999 1.0
6.22915045 5.7104095 1.0
6.26994242 7.1172391 1.0
6.663761   5.4117570 1.0
3.47968386 2.2829701 -1.0
5.46914323 5.1998640 1.0
5.42854128 5.5335145 1.0
5.85980489 4.5084952 1.0
6.80808114 6.5799895 1.0
5.44040389 7.2925451 1.0
5.44487515 2.9676275 -1.0
5.84283249 6.3074711 1.0
5.63886832 5.5113832 1.0
1.99897492 3.7713543 -1.0
5.76091004 5.4268842 1.0
3.60801679 1.5041628 -1.0
6.51134183 4.7001408 1.0
6.28890982 6.6949286 1.0
6.41935531 4.7618889 1.0
6.23272314 6.0657701 1.0
5.55417882 5.9665902 1.0
3.09779821 4.7496189 -1.0
3.17751295 4.3776647 -1.0
2.50403847 1.8298681 -1.0
6.23279137 6.3423430 1.0
5.73639711 6.7596742 1.0
5.82929696 6.5566617 1.0
1.90570182 3.3589114 -1.0
6.59691953 3.9331686 1.0
8.71190791 6.8608749 1.0
5.88859857 5.8334910 1.0
2.97035109 3.8729921 -1.0
5.92975116 6.7458871 1.0
3.91896503 2.6161605 -1.0
5.93004326 5.5266934 1.0
3.73791778 4.0291837 -1.0
6.6841746  6.6163874 1.0
5.9424993  4.0867788 1.0
5.59422873 7.2548080 1.0
3.36950888 6.1788255 1.0
2.27804976 3.4614827 -1.0
2.51402089 3.9188554 -1.0
5.50284777 7.0512006 1.0
6.42166318 6.2055955 1.0
4.51554121 6.6214855 1.0
6.93745407 7.5482685 1.0
2.09717542 3.2072858 -1.0
3.28715434 2.6607814 -1.0
2.5623285  2.2259808 -1.0
4.92966789 5.3334092 1.0
6.2053537  4.6921214 1.0
6.1749961 4.410054 1.0
3.54240021 3.0902663 -1.0
4.91122514 5.4383288 1.0
2.54067136 5.7508209 1.0
2.83444304 2.6177352 -1.0
7.03054065 5.5303069 1.0
6.13111265 7.1761521 1.0
 1.51649309 -0.6220401 -1.0
8.28960971 6.5679561 1.0
-0.03315673  2.1975428 -1.0
3.33652822 4.5499042 -1.0
1.05210567 3.6973382 -1.0
3.00920115 2.5055810 -1.0
5.38563525 5.4056761 1.0
6.39975727 6.0352729 1.0
5.69885574 6.9915397 1.0
4.26443768 6.5664679 1.0
3.25474472 3.2807020 -1.0
3.77756784 5.4720617 1.0
5.24247532 6.4092508 1.0
1.66969833 3.3545347 -1.0
7.51545815 7.9305513 1.0
2.73223136 2.6904049 -1.0
5.69287278 5.4564555 1.0
5.31342024 3.6459389 1.0
2.48225528 2.0904767 -1.0
7.01942946 5.7368055 1.0
7.33301382 7.2460745 1.0
3.1306443  2.7147368 -1.0
5.28209145 5.6821146 1.0
2.67796722 1.0711857 -1.0
7.10754163 4.3902524 1.0
