6.38145198 5.2339680 1.0
3.07102284 2.6681425 -1.0
5.58633763 2.5753436 -1.0
1.79193034 3.5424259 -1.0
2.99337519 2.4674596 -1.0
2.70959525 3.6490960 -1.0
2.16069784 1.2973518 -1.0
5.49491382 6.6810298 1.0
6.31606155 7.3173906 1.0
5.89300111 6.8421554 1.0
6.14432586 5.5428480 1.0
3.29784084 1.9846555 -1.0
6.3994908 5.741640 1.0
6.31761822 5.2829814 1.0
2.50915759 2.1407835 -1.0
3.74611474 2.9380117 -1.0
2.56104483 4.0311752 -1.0
6.21399472 5.1051824 1.0
5.2395127  4.9744314 1.0
0.86888614 2.7642929 -1.0
7.32140061 5.7150313 1.0
4.44278497 2.8251175 -1.0
1.51507613 5.5632024 -1.0
6.09449689 5.1164039 1.0
3.4987733  3.1843206 -1.0
4.57660557 6.1793864 1.0
3.81314078 2.5616985 -1.0
4.00541259 2.4790201 -1.0
5.5312926  7.7806993 1.0
5.07215006 4.2556300 1.0
4.19954995 3.3584290 -1.0
1.95066215 1.8825605 -1.0
3.44190127 1.962304  -1.0
4.96310737 7.1311534 1.0
2.37741411 2.4476896 -1.0
2.66213109 3.222632  -1.0
6.10618474 6.2331061 1.0
3.03994493 3.1423528 -1.0
3.60020223 2.8042739 -1.0
5.70053123 6.2833029 1.0
1.96357373 3.0433767 -1.0
2.86091572 3.0436585 -1.0
5.23493216 5.7454666 1.0
3.59845567 3.4059126 -1.0
6.94708594 4.8169371 1.0
6.36485298 6.2108811 1.0
6.26381247 6.1472704 1.0
6.95416882 7.0559912 1.0
7.7687665  6.3603482 1.0
6.03952125 5.9407864 1.0
4.42434784 6.0829428 1.0
4.06267301 1.1595150 -1.0
2.68839527 2.7754729 -1.0
1.28223428 3.7727045 -1.0
3.67482464 1.0538306 -1.0
4.87462956 5.7277958 1.0
5.93740047 5.5259775 1.0
6.65844623 6.5156405 1.0
5.26873046 5.9109029 1.0
2.55485222 2.6313642 -1.0
5.64462486 3.7709665 -1.0
2.79693191 2.9275305 -1.0
2.35843196 4.3688586 -1.0
1.9976221  0.6549778 -1.0
7.28754421 5.4156540 1.0
3.52081343 3.5857261 -1.0
6.20622567 7.570706  1.0
2.45729698 3.4284300 -1.0
6.66439952 4.6038634 1.0
4.63180619 5.6205769 1.0
0.85574955 0.4972612 -1.0
6.45107759 6.7920797 1.0
5.89118787 4.4685173 1.0
6.24202209 5.3177420 1.0
6.31086853 5.3944225 1.0
6.64383558 6.2114987 1.0
6.50333473 6.3216773 1.0
3.57022041 2.7102631 -1.0
6.28530936 5.3609755 1.0
5.44661893 6.2896229 1.0
5.04844881 6.2006431 1.0
5.60657326 6.9932299 1.0
1.13920382 1.6774615 -1.0
7.14967887 6.9967309 1.0
6.24719714 7.0455235 1.0
2.61424108 2.6636519 -1.0
3.34311137 5.6572084 -1.0
4.91052586 6.1759226 1.0
6.61708179 5.9193981 1.0
4.11102551 3.0733949 -1.0
4.9452392 5.228542 1.0
6.47496083 6.4651035 1.0
6.72306164 4.9242202 1.0
2.74100701 2.3701906 -1.0
5.96891914 6.0698424 1.0
7.07377202 5.9661615 1.0
6.41818847 6.0985303 1.0
5.01348226 4.7224587 1.0
2.10797941 4.0826006 -1.0
7.21827384 5.3003894 1.0
5.0807545  5.8626010 1.0
5.66939352 5.9121701 1.0
5.70288437 4.9150143 1.0
6.77111029 6.5865950 1.0
2.00528791 5.7499701 -1.0
2.18637409 3.9333248 -1.0
7.35305354 5.0295035 1.0
5.38906029 7.0096619 1.0
6.38431563 5.6690590 1.0
4.90420441 6.0188729 1.0
3.72018829 2.4865549 -1.0
3.14538482 3.0790804 -1.0
-0.06015725  3.4550598 -1.0
4.04973402 2.1831705 -1.0
6.72658218 5.1167938 1.0
2.05685502 4.7061488 -1.0
3.3872267  1.3711335 -1.0
4.13255673 2.0187657 -1.0
2.18568926 3.1302060 -1.0
4.68165805 7.3735576 1.0
5.98105401 4.4116067 1.0
2.11995915 3.3954072 -1.0
5.01283797 1.6607921 -1.0
5.39727986 5.6632113 1.0
6.74526381 5.7605678 1.0
2.89696782 2.1912316 -1.0
1.33166581 3.9976376 -1.0
7.23772816 5.1695307 1.0
2.88911705 2.0848938 -1.0
4.03601412 6.2220104 1.0
3.43710499 2.3590578 -1.0
6.8885234  4.2084895 1.0
3.90951749 2.8115004 -1.0
5.55044384 5.0856022 1.0
3.97566466 5.4655281 -1.0
2.21200137 2.9797505 -1.0
5.41113479 5.7520124 1.0
2.77813244 3.7643759 -1.0
1.95074617 3.8041955 -1.0
3.26293068 5.5424497 -1.0
4.7982673  7.0893524 1.0
6.28016191 6.0609630 1.0
0.7308381  2.5739594 -1.0
4.28620207 5.3143496 1.0
4.80176084 6.6041581 1.0
2.6222414  3.6149680 -1.0
7.74298345 6.1752646 1.0
6.3167348  8.2045186 1.0
3.56889547 4.2148363 -1.0
3.2939093  2.8523067 -1.0
1.75976212 3.2024928 -1.0
7.1909041  4.4978351 1.0
4.51780567 4.9351741 1.0
6.05654444 5.0452436 1.0
7.12168993 6.6059697 1.0
2.26820483 2.5158815 -1.0
4.24193497 5.0072089 -1.0
2.62678184 3.2853156 -1.0
2.74125465 2.1291376 -1.0
5.93294134 7.2995721 1.0
7.51054846 5.9762493 1.0
2.09748864 2.6914884 -1.0
3.48523216 3.0865194 -1.0
5.24452677 2.4148619 -1.0
6.94376005 7.0828056 1.0
3.5479106 0.542971 -1.0
4.83272143 6.3192543 1.0
2.52887744 4.2276573 -1.0
6.54313486 5.8657732 1.0
3.84627762 3.7939346 -1.0
4.02700868 5.1242979 -1.0
3.25377494 2.2273184 -1.0
2.760807   0.8212756 -1.0
2.44268994 5.6371326 -1.0
3.5294261  5.4313578 1.0
1.74733184 3.3715130 -1.0
2.69859337 3.6308313 -1.0
2.39357348 2.9205843 -1.0
5.99318444 5.6211950 1.0
6.33569819 6.0433076 1.0
1.56600435 3.4906165 -1.0
2.57810664 1.9663841 -1.0
6.12121685 4.8551946 1.0
1.80670132 1.1393821 -1.0
6.61313222 4.5526696 1.0
4.581917   6.7421803 1.0
5.23183055 5.4608952 1.0
2.78278082 1.9059844 -1.0
5.14862053 5.4689670 1.0
5.13362141 5.5063304 1.0
4.3520529  3.9545563 -1.0
6.02388998 5.0270085 1.0
6.64814144 6.0906926 1.0
5.69875498 7.3680591 1.0
6.63515594 5.6247287 1.0
5.33191584 1.9816144 -1.0
4.89948212 4.7043884 1.0
2.57058546 1.7982190 -1.0
4.89553517 6.7734169 1.0
2.04278071 2.6261866 -1.0
4.95671881 1.9556900 -1.0
4.89979906 5.7920603 1.0
6.39289733 6.5737720 1.0
2.27636919 2.7862726 -1.0
1.97244544 2.9086922 -1.0
6.36801263 5.8020546 1.0
5.87807618 7.1257685 1.0
4.84706706 6.7125128 1.0
6.85155067 5.1407872 1.0
6.01857522 5.3329618 1.0
5.22903459 6.0551327 1.0
2.45047392 4.2426761 -1.0
5.68714808 7.3884933 1.0
5.24535089 5.0111672 1.0
3.46078316 2.4502323 -1.0
7.8071403  6.3886398 1.0
2.91886371 4.5125718 -1.0
2.85449407 2.7098669 -1.0
3.30577213 3.0308190 -1.0
2.0782893  3.6256031 -1.0
7.45112675 6.1363673 1.0
4.7705872  3.8051418 -1.0
7.1299021  4.7541931 1.0
3.03350786 3.8482474 -1.0
3.05764015 1.7367847 -1.0
3.0585044  4.5215069 -1.0
6.64359001 4.8007676 1.0
4.35607927 2.9995192 -1.0
2.28834185 3.6369241 -1.0
3.87984464 2.8880419 -1.0
6.9355449  5.6144742 1.0
7.70146059 4.8574482 1.0
3.38921539 3.4703957 -1.0
2.99635866 4.5554662 -1.0
2.22482209 4.1486406 -1.0
2.48955557 3.4605323 -1.0
5.89389285 4.6692452 1.0
5.86450991 4.9407104 1.0
3.65102581 4.3422645 -1.0
5.85658582 4.8525361 1.0
6.555035  5.364303 1.0
4.08755467 2.9480560 -1.0
6.83937161 4.4349176 1.0
1.19666304 3.5554441 -1.0
4.57428272 5.9113082 1.0
7.63757984 5.7008419 1.0
1.58970022 2.6679327 -1.0
1.64458389 0.6586943 -1.0
4.83888795 6.1047147 1.0
6.10770976 6.5444099 1.0
1.78504101 4.9115752 -1.0
3.80742883 2.7787945 -1.0
6.31143485 6.5543374 1.0
3.32673778 3.7808305 -1.0
3.24767267 2.0466965 -1.0
3.04358351 3.4522450 -1.0
4.67599402 3.3145047 -1.0
3.34162992 3.4912228 -1.0
5.29964379 6.4044971 1.0
2.48462016 3.6957268 -1.0
3.63232156 2.5441383 -1.0
4.68062774 5.9832996 1.0
3.6160849  2.2606321 -1.0
5.10547638 3.6549442 -1.0
5.57074024 5.3913158 1.0
5.21852929 4.9532775 1.0
4.08527722 6.3129957 1.0
4.92403953 6.1355120 1.0
2.34528578 4.8597043 -1.0
2.15301253 3.4464620 -1.0
6.16082805 5.1099734 1.0
5.03333699 5.1190287 1.0
4.03889902 2.8084197 -1.0
6.14950946 7.0140441 1.0
6.9126881  5.8763341 1.0
6.32205446 5.7451286 1.0
0.88249228 4.0557849 -1.0
6.87005747 5.4578613 1.0
2.20451573 3.5178188 -1.0
5.91662696 7.3025117 1.0
5.42166249 6.4322322 1.0
5.64152152 5.5530205 1.0
3.30744326 3.9430733 -1.0
3.44544056 2.3609143 -1.0
4.28902667 3.0549300 -1.0
5.9413888  5.8272315 1.0
7.75527459 4.0180475 1.0
2.05161012 3.4131292 -1.0
2.60762414 1.2543215 -1.0
5.08025895 7.1012598 1.0
6.17628905 4.4779128 1.0
4.98793169 6.9001728 1.0
3.89973077 2.8221085 -1.0
2.4353384  3.3843444 -1.0
3.29456455 4.2859384 -1.0
6.03618223 5.6749055 1.0
8.28540792 5.8178097 1.0
3.71342703 1.3765193 -1.0
6.09078441 4.9856206 1.0
3.39411222 2.0076062 -1.0
1.4069639  1.3858631 -1.0
5.73094657 5.5484063 1.0
5.81865374 6.2238688 1.0
6.90432996 8.4200427 1.0
2.12874461 2.9927961 -1.0
2.33910471 0.7719248 -1.0
3.66086054 3.1913893 -1.0
7.2109736  4.5113787 1.0
2.81817249 2.8186597 -1.0
4.7418469  3.0719107 -1.0
2.33998939 1.5088431 -1.0
2.97215616 3.2420512 -1.0
1.16146074 2.7115965 -1.0
7.08858885 5.2794141 1.0
2.79657004 1.8469726 -1.0
1.97823664 3.0854319 -1.0
3.6764702  1.4657432 -1.0
6.06308455 6.0261016 1.0
3.64051503 4.2732189 -1.0
3.45117386 2.7748497 -1.0
6.64908867 6.4658658 1.0
4.3570953  4.3343183 -1.0
7.36205258 6.1857018 1.0
6.54416893 6.3361188 1.0
3.48433115 1.6010139 -1.0
2.94382579 1.4042891 -1.0
6.00937094 6.7450497 1.0
4.61358235 4.1773292 1.0
6.41049225 5.1133479 1.0
6.68465024 6.2806887 1.0
2.44083875 2.7510305 -1.0
6.2160825 5.358468 1.0
3.480886   3.1182189 -1.0
6.37612945 5.5361300 1.0
6.35318869 7.2778905 1.0
5.22543552 6.1905479 1.0
1.06384562 1.0353244 -1.0
7.07710657 8.3755851 1.0
2.52354115 3.4756492 -1.0
3.0267402  3.5920364 -1.0
1.13594349 2.6861118 -1.0
2.36164602 2.5398191 -1.0
3.69770737 3.2843534 -1.0
6.16206747 7.0275715 1.0
2.47644761 2.6834473 -1.0
1.72512051 3.8711853 -1.0
2.96633959 3.2044042 -1.0
1.77195155 2.2949167 -1.0
3.94945347 6.1946483 1.0
3.35295129 2.4656648 -1.0
5.34145311 7.3508027 1.0
6.54405099 5.6324033 1.0
2.6602985 3.132907 -1.0
2.97588402 1.4080215 -1.0
1.01609526 3.7510035 -1.0
3.46360852 3.7899148 -1.0
3.96159976 2.8143594 -1.0
0.58492188 4.0296238 -1.0
4.86773517 5.7712554 1.0
5.81546361 6.2711496 1.0
5.43675465 5.1554301 1.0
1.02751122 2.1931478 -1.0
1.43212344 2.9843239 -1.0
3.67103165 2.7084540 -1.0
4.07283253 2.5133666 -1.0
6.3015994  6.5307717 1.0
7.12342995 6.4192930 1.0
6.49908373 5.6276535 1.0
3.11929039 1.2007512 -1.0
1.94481227 3.4289910 -1.0
2.82130256 3.3031998 -1.0
5.6634597  6.5295737 1.0
2.93865555 2.5535086 -1.0
6.18044574 9.1548831 1.0
1.94860811 3.8149150 -1.0
3.47692516 3.8687400 -1.0
2.39882631 3.0545037 -1.0
1.02816566 1.5863674 -1.0
2.4344361 2.746839 -1.0
7.16235003 7.4167625 1.0
2.93375044 2.1529865 -1.0
5.71792673 7.0436616 1.0
2.46609814 2.5871481 -1.0
4.00602488 4.1986474 -1.0
3.48480247 5.0934897 -1.0
4.94951899 5.7974143 1.0
6.62361508 6.8299400 1.0
3.23835764 3.1508656 -1.0
4.1575585  3.1980147 -1.0
4.80388747 5.4923090 1.0
3.88267974 2.7694768 -1.0
3.68710325 3.1715384 -1.0
6.69907063 6.3182377 1.0
6.20654285 6.8032008 1.0
6.02488494 6.6864479 1.0
3.52170539 4.0732008 -1.0
6.06220981 4.5277244 1.0
6.60289146 5.8264094 1.0
2.32254042 3.6950282 -1.0
4.9288289  3.7882817 -1.0
3.92656299 0.7555419 -1.0
3.10976235 3.0823765 -1.0
5.5626694  5.9861936 1.0
4.48338148 2.4083879 -1.0
5.50304945 6.1895584 1.0
3.32354489 3.6312367 -1.0
4.33062967 6.2967741 1.0
5.82554613 4.0756160 1.0
3.85195413 1.7673814 -1.0
1.22938043 2.2880209 -1.0
6.70137548 6.4610507 1.0
8.54096352 6.0515157 1.0
2.08443012 3.2038269 -1.0
3.21780649 8.3334267 1.0
2.69176673 2.7952679 -1.0
3.60041603 4.2232258 -1.0
2.21445293 2.5633014 -1.0
6.27236264 5.5669764 1.0
3.68347943 2.3952253 -1.0
7.10585029 4.3824075 1.0
6.20006646 5.4943427 1.0
2.69807828 2.8029450 -1.0
6.00000877 4.6852375 1.0
2.80416158 3.9949195 -1.0
1.30372345 3.0840035 -1.0
4.23743531 3.5220193 -1.0
5.77951605 6.1284710 1.0
4.9942757 4.879143 1.0
5.7038794  7.0383899 1.0
4.98429483 4.3683051 1.0
3.12671555 2.5577654 -1.0
4.26577594 7.4170067 1.0
4.74854504 4.7125775 1.0
1.63389265 0.1184528 -1.0
6.02248984 6.6443385 1.0
4.79872665 4.8006708 1.0
2.27821364 2.0599937 -1.0
3.9372207 4.671445 -1.0
2.01960921 4.941476  -1.0
2.38139763 3.4116831 -1.0
2.31115007 1.8284795 -1.0
3.51268872 2.9472374 -1.0
3.76159485 5.3428182 1.0
6.56519712 6.8750620 1.0
6.60307678 5.3223861 1.0
2.34176811 4.2620735 -1.0
2.74672071 2.7232635 -1.0
1.62110047 1.6879114 -1.0
1.34175348 1.4039787 -1.0
2.59654969 4.0292649 -1.0
3.42210232 2.6579092 -1.0
5.38751942 6.3868573 1.0
1.74275141 3.3712970 -1.0
2.43166898 2.5625430 -1.0
5.42916392 4.4368526 1.0
7.90210709 7.0480063 1.0
4.81212302 6.3075638 1.0
2.10727853 1.8464042 -1.0
2.71538109 2.7680784 -1.0
7.17973372 6.8632110 1.0
6.40619855 5.0731830 1.0
4.27525342 3.7577673 -1.0
4.94478559 3.0711096 -1.0
7.5980219  5.5101929 1.0
3.54192464 1.9464091 -1.0
3.67405258 4.7389463 -1.0
3.96979721 3.8133603 -1.0
4.36709312 2.2302931 -1.0
4.03797811 5.7455626 1.0
3.11715315 4.8155038 -1.0
6.54091463 7.0950361 1.0
2.29018175 2.6734125 -1.0
6.22122197 4.6527264 1.0
4.5853588  2.6506160 -1.0
7.22026579 6.4892466 1.0
5.28142555 8.6219811 1.0
4.04477464 3.2424322 -1.0
3.86001911 3.9320400 -1.0
2.78557263 2.6195552 -1.0
5.86609179 6.3055554 1.0
6.55293699 6.3006659 1.0
6.04827504 4.34888   1.0
3.73398994 2.6217384 -1.0
2.62515245 1.0864543 -1.0
2.37959887 3.0011625 -1.0
7.51935853 7.2889112 1.0
6.56825332 5.6839724 1.0
3.59006067 2.8225164 -1.0
1.66470437 2.494963  -1.0
4.47172646 2.0225202 -1.0
6.81229434 7.6123442 1.0
2.39409562 3.4692783 -1.0
4.88210293 5.7659984 1.0
2.86503247 3.0257013 -1.0
3.61130509 3.1642021 -1.0
1.50408521 3.6485563 -1.0
1.96823353 3.5466326 -1.0
1.09734362 3.3334316 -1.0
3.5928439  4.5243535 -1.0
2.43526199 1.7397551 -1.0
6.2557885  5.7454542 1.0
5.82717061 5.1844350 1.0
5.73536081 6.1776013 1.0
5.42523621 7.3496113 1.0
3.6512336 4.434149 -1.0
1.93459524 5.6044857 -1.0
3.87509664 1.8110555 -1.0
8.10852382 7.0951537 1.0
1.36713444 4.8109147 -1.0
6.29420151 5.2209822 1.0
3.22920761 1.0213040 -1.0
3.78166928 2.3521872 -1.0
6.34584515 5.4142005 1.0
3.77860627 2.9339995 -1.0
6.6581298  5.5185981 1.0
7.29707357 5.4736640 1.0
3.43468687 1.9676860 -1.0
4.74002456 4.9677038 1.0
6.37902978 6.2423279 1.0
5.34226624 5.5441263 1.0
4.11396639 1.9575551 -1.0
2.72681314 2.0303759 -1.0
1.38600529 2.8624887 -1.0
6.22995532 6.0829448 1.0
6.08834788 4.8863447 1.0
2.85873397 2.4948459 -1.0
1.71471944 2.3413217 -1.0
6.16905701 4.6072265 1.0
7.10119958 4.8242791 1.0
4.1495628  2.5018144 -1.0
1.74269576 1.8372507 -1.0
2.96310736 2.4590540 -1.0
2.67124595 2.4782296 -1.0
5.0773501 5.698831 1.0
2.70519121 4.0053006 -1.0
7.37937399 4.1891198 1.0
5.35380919 4.4201596 1.0
7.71274895 6.0540761 1.0
2.48786055 2.2896284 -1.0
1.60116302 2.0962306 -1.0
3.80448197 2.6105756 -1.0
2.65871548 3.9449462 -1.0
6.43226159 5.9662684 1.0
7.23855202 4.7519687 1.0
1.38072255 3.1278972 -1.0
3.71258507 4.6638805 -1.0
5.07938166 7.4334788 1.0
6.45322161 5.4427590 1.0
6.93988368 7.9303509 1.0
6.24800538 6.6507919 1.0
1.81334116 2.7079536 -1.0
2.69105804 3.9996476 -1.0
5.16232701 6.6541660 1.0
2.88313206 1.1248268 -1.0
2.9433866  4.1772580 -1.0
3.99823941 1.2402114 -1.0
5.13668522 6.4616855 1.0
2.01974364 3.8599099 -1.0
3.59843608 2.3450765 -1.0
1.50122129 3.1357992 -1.0
2.36260657 2.0920022 -1.0
3.06110408 2.0131344 -1.0
6.63587831 4.2489630 1.0
1.80927125 4.7692034 -1.0
3.71184623 3.5149333 -1.0
2.19706676 0.9518127 -1.0
7.83251614 6.5594630 1.0
5.5245846  6.2361088 1.0
7.6703656  7.6942020 1.0
4.41881502 5.7523995 1.0
3.43635583 3.9358291 1.0
7.23687022 8.0049320 1.0
4.26089322 4.4711996 -1.0
3.32439786 2.7118941 -1.0
5.63899485 6.5756247 1.0
5.91703549 4.9357937 1.0
7.24135883 4.7228218 1.0
6.1912047  5.9125228 1.0
3.90828328 4.0666790 -1.0
3.93340408 4.7413901 -1.0
2.4542151  2.4536071 -1.0
2.9687416  4.4618377 -1.0
2.59276059 2.3572079 -1.0
4.25871461 3.7987320 -1.0
5.03435657 4.8103717 1.0
1.98768466 4.1501108 -1.0
6.93978112 3.9679874 1.0
4.88378338 5.9205604 1.0
4.46185319 1.8557554 -1.0
6.57812543 5.5684463 1.0
7.14119334 5.0465154 1.0
5.79906712 7.4702937 1.0
5.49978385 5.4146732 1.0
6.52833137 6.0440450 1.0
4.86818442 5.6627958 1.0
7.23302282 6.2718116 1.0
4.93436163 6.3591517 1.0
5.96691619 5.5895849 1.0
4.91635034 6.2194069 1.0
2.85183096 1.9532906 -1.0
4.10613266 2.7369974 -1.0
6.04964274 6.5915579 1.0
3.6364562  4.5881944 -1.0
5.34339563 6.7836214 1.0
5.15281787 6.5588136 1.0
6.39047236 6.4210688 1.0
6.76939461 6.6428557 1.0
7.36103689 5.5556031 1.0
5.95522962 6.6800782 1.0
2.82300615 1.8309498 -1.0
3.61207286 3.7423624 -1.0
2.37928002 2.5705039 -1.0
3.27099373 1.6933669 -1.0
6.87010047 7.8719620 1.0
3.30718045 3.2645288 -1.0
5.6066952 5.371499 1.0
4.96815349 5.9814376 1.0
3.21932961 2.2614004 -1.0
8.05443432 5.6008516 1.0
3.458035   3.4398713 -1.0
6.68216927 3.9659617 1.0
7.31600144 6.8076773 1.0
1.3560578  4.2403873 -1.0
4.60126599 5.797207  -1.0
4.64191339 6.5690841 1.0
2.33976315 3.0470738 -1.0
2.83948583 1.1584122 -1.0
3.99567705 3.8454745 -1.0
1.49083745 3.5379413 -1.0
7.50007522 6.2161482 1.0
3.28299654 4.3683898 -1.0
3.92403977 2.7669635 -1.0
2.33184716 2.8445757 -1.0
1.69701847 2.4142458 -1.0
4.69337187 5.3223008 1.0
4.64319646 2.6270497 -1.0
3.8314457  2.9153180 -1.0
6.12446042 5.7833091 1.0
6.19700204 6.7734968 1.0
4.41477987 1.2113632 -1.0
5.52365291 4.9967689 1.0
4.49283094 1.1219131 -1.0
2.62654902 1.4306619 -1.0
4.73735868 4.2718548 -1.0
6.15844596 5.8195995 1.0
6.00481136 5.7433651 1.0
6.69208979 5.7155581 1.0
2.79206665 1.7150062 -1.0
5.30476987 5.3325086 1.0
4.13012019 1.5152938 -1.0
3.99821983 3.8635331 -1.0
5.18160575 5.6228789 1.0
6.38036341 5.982942  1.0
7.80751468 5.4609926 1.0
1.81940857 1.8701435 -1.0
4.08556042 6.0322377 1.0
4.9247989  4.6823000 1.0
6.85368996 6.0911463 1.0
5.97371474 5.8396853 1.0
2.82026435 3.3053889 -1.0
6.19604631 5.0755330 1.0
3.03358448 3.2083224 -1.0
3.15483174 5.4507158 -1.0
6.23609021 8.5320571 1.0
4.0508708  1.4304852 -1.0
3.81157205 2.8179922 -1.0
2.65957484 2.3055460 -1.0
3.49418819 3.6997341 -1.0
5.44650475 5.8281964 1.0
5.85914993 5.658225  1.0
6.97914174 6.2559358 1.0
6.64660391 5.4768816 1.0
6.87854808 4.3687685 1.0
3.65661558 2.1120771 -1.0
1.98137233 3.5344945 -1.0
6.72561382 5.2798380 1.0
6.99583783 7.6605873 1.0
4.59568598 6.7482537 1.0
3.34890527 4.4269312 -1.0
3.3115171  1.5397964 -1.0
6.2239863  6.7317283 1.0
5.51817304 6.4449208 1.0
4.00004832 3.4888810 -1.0
3.93325133 5.9608949 -1.0
3.11042817 3.5248696 -1.0
2.70537478 3.8162710 -1.0
6.15542137 5.4262380 1.0
6.16440974 5.4314052 1.0
3.44967004 1.6215911 -1.0
2.34109969 2.1996685 -1.0
5.99359697 4.5650998 1.0
5.28481598 7.0043647 1.0
5.4217909  4.8658338 1.0
2.57992845 2.3049267 -1.0
3.55287304 3.1722448 -1.0
1.25036773 3.2338871 -1.0
3.17034095 2.980679  -1.0
3.53024788 3.3190574 -1.0
2.25139734 1.712551  -1.0
3.50650766 2.8262901 -1.0
4.48468623 1.3471726 -1.0
4.82265317 6.0902113 1.0
6.98528304 5.1226701 1.0
5.84928273 4.6164393 1.0
6.63149559 5.6386061 1.0
2.71664637 1.4575478 -1.0
3.74456722 3.8381978 -1.0
7.65781739 4.7684951 1.0
6.27900488 6.2414667 1.0
5.51647117 4.6366720 1.0
7.58670518 5.5724099 1.0
3.35777798 2.6424707 -1.0
3.7219247  0.6248546 -1.0
4.91044262 1.9037316 -1.0
3.65956099 3.1305256 -1.0
5.00618824 5.0959359 1.0
3.33462753 4.3407608 -1.0
4.65339491 2.1788227 -1.0
3.15086962 4.6100646 -1.0
3.62743749 2.6474256 -1.0
6.39382199 4.5404375 1.0
2.62090432 2.6017269 -1.0
3.02680484 2.0515714 -1.0
4.75378573 4.9519622 1.0
5.36910308 6.5776153 1.0
2.39301028 4.3528450 -1.0
6.12554103 6.1651710 1.0
6.00224167 7.2768401 1.0
2.17466248 3.2245093 -1.0
5.5693537  6.9166679 1.0
1.68123588 2.2347890 -1.0
3.87214836 3.4415026 -1.0
7.7050619  6.5460576 1.0
6.0562754  7.5810297 1.0
4.6546064  6.2607432 1.0
3.10675553 2.5338314 -1.0
5.85677011 5.4816921 1.0
2.44634834 4.3986685 -1.0
2.74551834 4.2633821 -1.0
3.33049756 0.9276011 -1.0
3.93472361 3.5482512 -1.0
1.56945584 1.7320718 -1.0
6.73847001 5.1014177 1.0
1.80951244 3.1914133 -1.0
6.47319527 5.1534734 1.0
5.46723012 6.8942834 1.0
3.87209501 3.3148590 -1.0
5.22635196 6.9931262 1.0
4.64719928 4.7993201 1.0
4.41692878 3.9116080 -1.0
3.16960787 2.1286454 -1.0
4.56801704 1.8464592 -1.0
5.84047405 6.9239126 1.0
6.96129272 4.2509367 1.0
8.09606799 5.8899891 1.0
1.44600146 2.7484568 -1.0
1.91362827 2.6319334 -1.0
6.81592102 4.0070370 1.0
6.20129415 5.9316454 1.0
7.19252288 5.3549451 1.0
6.89937442 5.9268212 1.0
2.92467743 1.5308664 -1.0
1.52641342 1.5984322 -1.0
2.9431196  2.8589455 -1.0
5.25217988 6.0000958 1.0
3.07242326 2.3427931 -1.0
1.9484879  4.1136164 -1.0
6.78891334 5.8054080 1.0
2.5604586  1.8440344 -1.0
5.59984532 5.2929477 1.0
4.1382769  6.8910548 1.0
3.23379219 2.6409513 -1.0
5.29550144 5.6881116 1.0
5.10281551 4.7142394 -1.0
2.53328272 1.9793064 -1.0
2.63962045 1.2552228 -1.0
5.84601283 5.5240246 1.0
6.40596639 6.6076117 1.0
4.99616799 6.5282982 1.0
5.958611   5.6561530 1.0
4.29340179 2.4144133 -1.0
4.92825146 5.5201820 1.0
2.62390895 4.4056067 -1.0
6.26363182 5.9371477 1.0
4.30184549 1.7453369 -1.0
6.08209407 6.0155254 1.0
1.25658903 2.3882881 -1.0
1.59046577 2.7943836 -1.0
4.75763693 6.0377009 1.0
6.67104596 5.7680565 1.0
4.54774982 7.0189964 1.0
6.51945311 6.0336410 1.0
3.42354384 3.0046765 -1.0
5.78957189 4.2058949 1.0
6.89816433 6.4585432 1.0
2.39091604 3.7656981 -1.0
3.86665795 5.3976421 1.0
1.26884739 2.9985769 -1.0
3.54325147 2.0040088 -1.0
2.44561775 3.9789892 -1.0
5.63712283 5.9314443 1.0
5.04529296 6.3989232 1.0
2.10749211 2.7106209 -1.0
5.08981281 4.3812844 1.0
7.69781498 6.1471932 1.0
5.39194671 6.3877855 1.0
3.30950829 3.2412630 -1.0
3.38795411 1.7094100 -1.0
2.74311143 2.3627068 -1.0
2.09015755 2.5726526 -1.0
5.24141829 6.0431324 1.0
3.72032438 3.4347824 -1.0
5.17345991 6.6517675 1.0
2.20537305 3.0254935 -1.0
1.64987531 2.7281925 -1.0
4.25676673 2.8066379 -1.0
6.57495189 5.3899891 1.0
5.79522961 7.0295094 1.0
2.44667868 2.5387054 -1.0
3.18515667 2.6699585 -1.0
5.97045547 6.2592942 1.0
4.77228438 4.5003931 1.0
6.75917371 4.5828806 1.0
1.29630401 3.2837802 -1.0
2.09332047 2.2288782 -1.0
4.66970264 5.9550365 1.0
5.7070681  5.6929276 1.0
5.91398773 5.5781759 1.0
5.59285098 4.5813895 1.0
5.6095408  5.2756736 1.0
5.52491569 2.7393804 -1.0
4.23901    5.7024572 -1.0
6.48815398 5.8149127 1.0
4.12617218 4.1391846 -1.0
3.87610739 4.2134248 -1.0
5.1453313  5.9489070 1.0
3.85422693 3.7738046 -1.0
6.86944021 7.4896805 1.0
3.97846964 3.9094437 -1.0
6.02191624 6.2269355 1.0
3.20473566 5.0500923 -1.0
2.78919885 3.8426472 -1.0
5.79266511 6.6169918 1.0
2.25248773 2.0671586 -1.0
1.9825757  2.8203123 -1.0
5.82863033 6.2703794 1.0
6.88895013 5.4885213 1.0
6.66311476 6.4483897 1.0
2.13636399 3.3976946 -1.0
5.83976659 6.7428593 1.0
5.02587763 6.7898310 1.0
1.98268507 2.8854871 -1.0
2.76544084 2.7457394 -1.0
3.39791737 2.0673116 -1.0
6.96390873 9.0476876 1.0
4.73706877 2.9260137 -1.0
1.3329042  2.1221147 -1.0
3.74673955 1.4219688 -1.0
2.84179795 3.9721541 -1.0
6.09989064 6.4268248 1.0
7.73509184 6.5461719 1.0
5.42720418 7.4009826 1.0
2.64428548 3.1338033 -1.0
3.94399218 2.4352730 -1.0
1.95200289 4.3987559 -1.0
5.20688177 4.6937005 1.0
6.24456376 5.7156165 1.0
4.0283491  6.4414188 1.0
3.12881505 2.8106338 -1.0
8.41999058 7.0964423 1.0
5.68855922 5.4683768 1.0
5.18329035 4.5817789 1.0
6.86104211 5.1848780 1.0
6.98454959 6.4757523 1.0
2.23543996 1.9336708 -1.0
6.91679374 5.9134802 1.0
2.59344494 2.5508094 -1.0
6.29401101 7.0724192 1.0
2.92615973 3.5805477 -1.0
6.42027054 4.6702971 1.0
6.94290563 6.7718757 1.0
6.14416086 7.5608948 1.0
2.01725155 3.9493455 -1.0
2.28774638 3.9163252 -1.0
7.42062059 8.5927431 1.0
5.7476333  6.8245948 1.0
5.52160043 6.0937532 1.0
1.31199321 2.5111671 -1.0
1.45075141 2.0627881 -1.0
6.21864291 5.6369522 1.0
6.16949487 4.8872392 1.0
8.08798689 5.7717028 1.0
6.87071202 5.3751144 1.0
2.93719161 3.7130950 -1.0
1.27218393 2.2624164 -1.0
4.10310072 3.0837117 -1.0
7.8250597  6.3539709 1.0
2.55590837 4.0672042 -1.0
7.85507271 6.1398235 1.0
1.76836858 4.1187421 -1.0
3.59931988 3.2315228 -1.0
4.86524884 4.6906204 1.0
2.34775025 4.3381491 -1.0
6.58222548 6.4019037 1.0
2.2823336  3.2185626 -1.0
5.09542717 7.5669700 1.0
4.93616839 5.3253061 1.0
3.06121308 3.3156180 -1.0
5.91835569 5.1430938 1.0
3.21637184 0.7394820 -1.0
3.86675064 1.9679874 -1.0
6.50678597 6.1548693 1.0
7.3105484  5.1971445 1.0
4.30048108 5.3561716 -1.0
4.8466458  4.9017652 1.0
2.65556945 4.0747149 -1.0
3.68280681 4.4050916 -1.0
3.50450562 3.7485828 -1.0
3.0249083  3.4990367 -1.0
1.2111627  3.9949369 -1.0
7.00387005 7.2788803 1.0
1.83597379 1.5292511 -1.0
2.68946747 2.9093520 -1.0
6.39566811 4.8782983 1.0
7.51439811 5.7302475 1.0
2.64953562 1.9931933 -1.0
8.13470611 6.4750854 1.0
2.45683347 3.7715786 -1.0
3.12595551 4.0492434 -1.0
3.3840696  3.2362514 -1.0
5.57361694 5.6723530 1.0
1.61945235 3.8681683 -1.0
6.33029417 4.6719705 1.0
6.548039   5.9700305 1.0
4.88680383 5.4752463 1.0
4.97720455 5.2675233 1.0
4.86389334 2.0315493 -1.0
4.18323112 1.0849252 -1.0
6.0388418  7.1974000 1.0
1.88768986 4.7635616 -1.0
5.41521753 5.6964592 1.0
6.30818955 6.2655326 1.0
7.09774669 6.4685176 1.0
1.99813989 3.7782663 -1.0
2.35191726 2.3761099 -1.0
2.07908054 4.1903021 -1.0
2.27249999 2.9933700 -1.0
7.56355333 5.6486032 1.0
3.66337826 2.8242479 -1.0
5.80205532 4.8361864 1.0
1.73703429 4.1762835 -1.0
1.94335364 2.3519186 -1.0
2.38242783 1.6792841 -1.0
7.87505695 5.7967332 1.0
1.06282671 3.5293306 -1.0
4.06134734 6.7216804 1.0
5.48448829 6.4895833 1.0
3.0684071  1.6987384 -1.0
3.27620116 2.0457509 -1.0
4.7092144 3.693015 -1.0
6.5910456  7.2613378 1.0
2.72795628 1.4595743 -1.0
3.14815252 4.0227847 -1.0
2.04710508 2.4952046 -1.0
6.06666402 4.0963014 1.0
3.89937984 2.2256640 -1.0
4.53337006 3.6281511 -1.0
6.73921972 5.4911965 1.0
4.89937147 7.5677074 1.0
2.06776724 3.5777143 -1.0
4.32350292 4.9875588 1.0
3.08321536 3.8895766 -1.0
2.14094446 2.8470828 -1.0
5.42394383 6.3844846 1.0
7.16740018 6.0448746 1.0
5.94525179 6.7478462 1.0
3.30756301 3.4193015 -1.0
5.40950995 6.9153085 1.0
1.53486807 4.5849457 -1.0
3.6717892  2.0985631 -1.0
4.98547676 5.2624633 1.0
4.59502565 6.8158886 1.0
3.37131966 3.8512278 -1.0
7.66810837 6.1438309 1.0
4.73796858 4.9123549 1.0
1.61676166 2.6073543 -1.0
2.54462227 3.1031908 -1.0
5.39469108 4.4150935 1.0
4.33744821 3.1603304 -1.0
4.22148266 4.8783033 -1.0
7.31304716 6.3696035 1.0
2.65896801 4.9134511 -1.0
4.6303432 6.302064 1.0
3.54466119 3.8741737 -1.0
3.87799171 1.5172234 -1.0
6.75534504 6.3118543 1.0
3.42757252 1.4819554 -1.0
5.70324123 6.8344411 1.0
3.82565695 1.7845716 -1.0
5.42029863 7.0352383 1.0
2.93690259 2.3435846 -1.0
6.80779952 6.4852414 1.0
5.77430346 5.0682070 1.0
1.88130688 3.8748285 -1.0
7.1462271  7.2145648 1.0
3.52690943 4.2122212 -1.0
1.39295472 2.2960753 -1.0
3.88626781 5.3819361 1.0
7.49510417 3.8800201 1.0
4.23286551 2.4093479 -1.0
6.67912193 6.5875878 1.0
2.84914725 4.4496072 -1.0
7.0081743  4.6803367 1.0
2.47277411 2.2885830 -1.0
6.30119143 6.3138246 1.0
3.38296985 3.9168237 -1.0
2.34383171 2.4635996 -1.0
4.1859554  0.8945776 -1.0
7.28157447 7.3756061 1.0
7.27078646 6.5857695 1.0
3.4988307  3.3613075 -1.0
8.35785357 4.5659479 1.0
6.27468348 6.8273321 1.0
5.9226834 3.416449 -1.0
7.03580595 6.2285202 1.0
6.58631495 6.3258918 1.0
5.9530896  5.4824028 1.0
7.30019002 7.418583  1.0
1.77378797 3.0545295 -1.0
5.17939814 5.6082502 1.0
3.64328906 2.8889839 -1.0
6.04379229 6.7956864 1.0
5.87310152 6.3160605 1.0
5.09875736 8.2149104 1.0
3.59294479 3.8437442 -1.0
4.80183014 4.8060562 1.0
3.31012115 3.1533337 -1.0
6.39342528 6.9054733 1.0
6.5213309  5.2697618 1.0
2.40702006 2.5414796 -1.0
3.13071919 2.8826478 -1.0
6.93096176 7.2975378 1.0
5.28677852 5.5427104 1.0
5.52939317 6.0727813 1.0
5.73304757 4.4717457 1.0
8.91780962 5.1072076 1.0
4.90025316 6.1627868 1.0
6.15493985 7.6470186 1.0
6.91220491 5.9161254 1.0
3.98273825 3.4393560 -1.0
6.85378773 6.3792840 1.0
2.00344716 3.8820504 -1.0
3.42687379 2.9447833 -1.0
3.91122143 4.2501702 1.0
2.98876385 3.7496810 -1.0
2.95892189 4.5354679 -1.0
4.28726137 3.1572282 -1.0
3.80350799 0.8441085 -1.0
7.31963324 4.3713182 1.0
3.5049423 2.719041 -1.0
6.79527882 4.9245373 1.0
7.56422999 5.6818000 1.0
4.42070623 3.1401099 -1.0
3.10659886 3.2525725 -1.0
5.32698166 4.9306925 1.0
3.42152676 3.2472876 -1.0
3.49267198 3.5201807 -1.0
3.20277119 4.2615165 -1.0
6.14063974 5.2741678 1.0
4.06789108 6.1695849 1.0
6.41576227 4.6570285 1.0
3.41081433 2.1165063 -1.0
6.4044105  6.8855808 1.0
2.48557297 2.3419866 -1.0
1.37598603 4.1345097 -1.0
6.17601727 7.0826403 1.0
5.599644   2.9789994 -1.0
2.8175507  0.4967431 -1.0
7.01045969 4.6297704 1.0
2.46181215 2.750044  -1.0
1.34848037 4.3653827 -1.0
2.90921427 1.4894564 -1.0
3.02660804 2.9672249 -1.0
2.19611316 2.7436216 -1.0
1.49763248 3.5947427 -1.0
6.12173247 4.9944885 1.0
2.67311208 2.6875107 -1.0
7.0577472  6.9182679 1.0
3.04076136 2.5623939 -1.0
3.57028495 4.5778639 -1.0
5.61707509 8.8571815 1.0
5.88281932 5.1140619 1.0
2.24442218 4.0510914 -1.0
6.61949756 7.6216398 1.0
5.83388471 5.4524422 1.0
7.05641232 6.9488872 1.0
3.36140251 3.1955646 -1.0
3.91471661 3.1500576 -1.0
2.95642296 2.7942001 -1.0
3.42625377 2.8933554 -1.0
5.85101175 7.1582129 1.0
3.48507431 3.6461922 -1.0
5.48538148 5.4635550 1.0
3.05949262 1.8933119 -1.0
5.55570122 5.8030255 1.0
3.83356929 6.8361842 1.0
3.53207347 1.2319818 -1.0
6.25996734 7.3166676 1.0
5.19606966 4.2983030 1.0
2.52681426 4.4575582 -1.0
4.87493517 5.5029320 1.0
5.35662727 4.1152323 1.0
3.17297374 3.2370876 -1.0
5.35182445 5.5942910 1.0
4.56120167 5.7543353 1.0
4.3105311  2.2278095 -1.0
3.96657749 5.0427424 -1.0
2.15323567 2.5569494 -1.0
5.0608569  4.8881469 1.0
6.64619549 4.8814689 1.0
2.51768588 2.4541829 -1.0
4.23062091 3.3623158 -1.0
2.30593162 2.5212199 -1.0
4.16407369 3.1052564 -1.0
3.11818591 3.8987614 -1.0
5.0782196  7.7487969 1.0
4.76150416 5.3457663 1.0
6.20751803 8.6690104 1.0
3.83776371 4.9894237 -1.0
4.58023761 5.3338130 1.0
5.76836464 4.4269343 1.0
4.72383795 5.4205508 1.0
3.02774465 3.7884626 -1.0
2.13283451 2.0299990 -1.0
5.63523915 5.3488328 1.0
1.70417149 1.7740354 -1.0
5.80282432 5.3023850 1.0
5.70454914 6.7966050 1.0
7.90267372 7.0408864 1.0
5.59533756 4.9723495 1.0
6.7472254  6.5176788 1.0
5.48549772 5.0578434 1.0
5.90280723 5.7836093 1.0
7.64863803 4.6581724 1.0
4.67448687 4.4356406 1.0
1.9862096  4.2791174 -1.0
6.07305841 5.5017291 1.0
2.87780244 7.2571257 1.0
7.01646577 6.6888551 1.0
5.54241596 5.2044727 1.0
2.28206216 2.6019937 -1.0
6.76004597 6.1955670 1.0
7.15044316 7.8191274 1.0
1.89463272 3.6307608 -1.0
4.12382475 1.6363327 -1.0
6.83261859 6.3525831 1.0
2.85797148 2.9665101 -1.0
7.02333852 7.4523635 1.0
2.72869757 4.1412132 -1.0
3.43441989 2.0526191 -1.0
3.51286148 3.9279818 -1.0
1.91463288 2.6457030 -1.0
2.69117621 3.8003302 -1.0
7.88559568 7.1236480 1.0
6.31764645 4.4696023 1.0
5.14509435 4.4865546 1.0
5.37571346 5.4292951 1.0
2.70921564 4.4488709 -1.0
4.87575597 6.1966458 1.0
3.02614319 3.7307491 -1.0
5.36252971 4.4316347 1.0
5.68317352 5.4488662 1.0
1.91849353 3.0414773 -1.0
1.69017084 3.4758347 -1.0
1.80286674 3.6223173 -1.0
4.35337091 2.1048952 -1.0
4.5435547  5.4379313 1.0
4.76527923 6.4551706 1.0
6.64033944 6.1510355 1.0
2.80457389 2.4525233 -1.0
2.00697034 2.4972062 -1.0
7.55902968 7.7000077 1.0
1.58952841 2.3857948 -1.0
2.53034155 3.0081210 -1.0
4.76689243 5.2644721 1.0
4.09709337 2.2170923 -1.0
3.13237783 4.0858421 -1.0
5.46464023 5.4483688 1.0
5.19179529 6.4233916 1.0
5.08846238 6.4751306 1.0
2.69392976 2.1369133 -1.0
4.71522692 5.7674792 1.0
7.14145094 5.9485080 1.0
4.53177669 7.1756260 1.0
6.48734026 6.5050444 1.0
1.73759102 2.6026192 -1.0
3.92417573 2.9349660 -1.0
5.73221924 5.6010054 1.0
4.46799215 6.7955903 1.0
8.10964944 4.5032473 1.0
2.31119723 1.2903400 -1.0
2.45723837 2.2953757 -1.0
5.47612167 4.5187735 1.0
2.32731044 2.8566470 -1.0
2.55744863 3.1940466 -1.0
6.26390965 5.8703743 1.0
6.80629938 5.6360716 1.0
2.98983761 1.7504257 -1.0
1.4207478  2.4966827 -1.0
4.30105953 2.1428830 -1.0
5.09895586 3.5014124 1.0
1.79165522 0.7662119 -1.0
7.1108902  7.2510884 1.0
6.17496987 5.0974213 1.0
4.46398665 5.7994078 1.0
1.87307006 4.3796993 -1.0
1.74376755 2.3849938 -1.0
4.65666494 3.1081190 -1.0
3.86796652 2.4876153 -1.0
4.17317217 5.1767065 1.0
2.55403512 2.6579277 -1.0
1.75093401 1.7730812 -1.0
6.20568583 6.1038387 1.0
2.25159467 5.0299329 -1.0
1.68457634 1.5648806 -1.0
5.74817828 6.9307110 1.0
4.29063286 6.4548866 1.0
5.44147402 5.7179451 1.0
5.85981903 5.4749980 1.0
6.00510308 5.3415156 1.0
2.54753742 2.4939031 -1.0
2.90646689 3.1384006 -1.0
4.07978653 4.1087139 1.0
4.94069674 7.2870974 1.0
2.72740038 1.1969044 -1.0
6.0726438  6.8313777 1.0
0.77303357 3.7552740 -1.0
5.34012422 6.8436682 1.0
2.46616423 4.7295693 -1.0
4.80833356 5.8937645 1.0
2.69841732 3.8044795 -1.0
7.82423938 5.7876233 1.0
6.95035198 7.7064902 1.0
4.20487927 4.9620487 1.0
2.77121603 3.7589258 -1.0
4.79309543 4.5537988 1.0
6.28659723 6.2953336 1.0
2.17013481 2.9213257 -1.0
4.60359902 6.3437717 1.0
3.83544683 1.4234549 -1.0
2.71306379 3.1549101 -1.0
2.03273197 1.4677261 -1.0
4.69564434 6.3757909 1.0
5.52641262 7.6321108 1.0
1.33353654 3.0187585 -1.0
6.65619386 4.0021474 1.0
2.40172071 2.3519412 -1.0
6.18386212 6.7319054 1.0
5.90842789 4.7819842 1.0
6.87382493 5.3403442 1.0
7.42716531 5.5358645 1.0
4.34535897 4.1143455 -1.0
3.20906817 1.7582479 -1.0
3.82347718 5.0392998 -1.0
2.99132138 5.2205527 -1.0
5.55614324 6.3115595 1.0
4.25646463 6.5428215 1.0
4.4528089  1.8298206 -1.0
2.0551304  3.7224699 -1.0
2.80933411 1.9199432 -1.0
3.25872159 2.8548128 -1.0
1.53823767 2.9307820 -1.0
6.25312476 6.7873077 1.0
1.63111079 3.5346273 -1.0
3.95326224 1.8121884 -1.0
3.08480799 2.0790405 -1.0
5.64368774 4.7854953 1.0
6.37125149 5.5400754 1.0
3.5685421  2.3064969 -1.0
6.03294019 7.8476383 1.0
6.36762297 4.0759887 1.0
6.57440684 5.5068175 1.0
4.39885712 6.6754175 1.0
2.84284122 1.9986654 -1.0
3.56224631 4.1814601 -1.0
5.73893151 4.5073866 1.0
3.31727078 2.8353437 -1.0
2.89589704 3.6910601 -1.0
5.24568225 6.2289992 1.0
2.93902325 1.4869780 -1.0
7.26368378 5.7597521 1.0
6.08111312 5.8855966 1.0
6.43799068 6.7864389 1.0
3.79226442 3.71664   -1.0
1.99400212 3.3551309 -1.0
7.62585864 6.0791908 1.0
3.18713843 3.1626980 -1.0
4.45581367 5.1880674 1.0
4.03738589 6.4085793 1.0
4.81457946 3.1027253 -1.0
3.01137913 4.9705804 -1.0
3.99158397 7.3775949 1.0
3.08622346 4.3936112 -1.0
2.59871198 1.9968274 -1.0
2.93839379 1.3410267 -1.0
5.17631021 5.1045887 1.0
4.06406284 1.7528416 -1.0
1.67942828 2.9617991 -1.0
4.63146386 7.1974686 1.0
3.86122787 3.4034045 -1.0
5.82691166 4.4807667 1.0
3.36112988 6.0880812 1.0
3.54891682 1.8807888 -1.0
4.33532709 2.9387341 -1.0
5.84872939 4.9598471 1.0
2.91260212 3.3742048 -1.0
6.3630958  5.7207622 1.0
6.8042283  8.6995140 1.0
3.8631889 2.478851 -1.0
4.1710986  5.0846287 1.0
4.28472381 4.1278036 -1.0
6.43615074 5.1379903 1.0
4.79371772 5.9980788 1.0
2.46979389 2.8736176 -1.0
3.10564106 4.2664613 -1.0
5.97672646 5.6325975 1.0
2.95877451 1.9187878 -1.0
7.6369306  4.0510461 1.0
5.97654581 7.7321678 1.0
2.65944367 3.6104314 -1.0
7.12573293 4.6843938 1.0
4.01861009 4.4714288 1.0
2.51369628 1.8516668 -1.0
4.01838068 4.1590759 -1.0
3.51823404 3.6660114 1.0
3.3352308  1.7634533 -1.0
5.99026186 5.0884852 1.0
4.36416483 3.8435692 -1.0
7.42865324 5.6304352 1.0
2.14557658 3.6795946 -1.0
7.96373864 6.4103939 1.0
2.2129766  2.2589228 -1.0
5.79846297 5.2088160 1.0
5.74563916 6.8654975 1.0
3.2428373  2.4546690 -1.0
3.43168777 7.0947401 1.0
3.21924598 4.0308355 1.0
5.97149704 4.9931782 1.0
4.85447208 5.2731685 1.0
5.60403064 5.5839652 1.0
6.20808879 6.3366454 1.0
3.41175187 1.1183181 -1.0
3.80117835 3.3751194 -1.0
2.9739203  1.7514640 -1.0
4.29355193 5.8693524 1.0
3.17907464 4.7172839 -1.0
7.10616177 5.2661880 1.0
3.57322684 2.3708837 -1.0
2.23194733 3.9507571 -1.0
3.14761716 2.1545901 -1.0
2.67161334 5.3362410 -1.0
3.74301936 0.6443420 -1.0
7.13271064 5.9449887 1.0
6.49024899 6.4962905 1.0
1.6127128  2.6956120 -1.0
6.86968423 5.7041419 1.0
5.70313051 4.7841663 1.0
7.24342693 5.2552269 1.0
6.88075646 5.0495031 1.0
6.24173498 6.0500168 1.0
1.02482893 2.6182563 -1.0
5.75562327 5.8217360 1.0
4.66164923 4.2306264 1.0
5.97485067 5.6267884 1.0
5.93305919 7.3207474 1.0
3.30751269 1.2877712 -1.0
1.95364016 3.3612100 -1.0
6.66209147 5.3669416 1.0
7.267593   6.5611495 1.0
6.91807541 7.6440775 1.0
4.69583761 3.4310694 -1.0
5.18887901 6.2826208 1.0
2.93743428 3.7895600 -1.0
3.01858486 4.2588655 -1.0
7.09292372 6.1803287 1.0
5.49748846 4.9982574 1.0
6.5430572  4.6162070 1.0
6.54945034 6.7201593 1.0
5.50132392 5.5688541 1.0
7.04188181 6.8559751 1.0
2.37284815 2.9656694 -1.0
7.07688592 5.5336562 1.0
7.32954372 4.8845738 1.0
3.03485575 1.8188993 -1.0
5.44821626 7.5153613 1.0
7.05161485 5.8243324 1.0
3.4116561  4.2213673 -1.0
6.95110763 5.8434242 1.0
3.66206268 5.6689847 1.0
4.76351259 5.5003027 1.0
2.44934084 1.9816012 -1.0
6.81331034 6.0065601 1.0
4.64717942 3.9232255 -1.0
3.12889016 2.9637224 -1.0
7.53898165 4.3724905 1.0
5.4442701 6.594411 1.0
5.42394462 5.8755006 1.0
0.82920569 2.5438936 -1.0
2.60952876 3.6413686 -1.0
6.83537499 5.3555434 1.0
7.31748679 5.0813888 1.0
6.0016923  5.5970036 1.0
3.52746352 2.1408598 -1.0
6.9125784  6.2746723 1.0
5.03930482 4.7354327 1.0
2.2423079  2.2920973 -1.0
6.84759174 6.1019649 1.0
6.29149719 4.4430054 1.0
4.29560363 3.8502597 -1.0
2.4309865  2.6915222 -1.0
5.93991518 7.5586997 1.0
5.15612984 4.8496252 1.0
2.84709604 2.9130063 -1.0
3.89115132 4.0967862 -1.0
7.01664172 6.1483875 1.0
6.68942085 5.4412204 1.0
2.3010992  2.8663347 -1.0
4.86132514 2.7853574 -1.0
3.91026559 3.2484811 -1.0
6.80237063 5.4211269 1.0
3.65059993 3.0899797 -1.0
6.8939608  6.3456733 1.0
3.91738006 6.3923136 1.0
4.93769693 2.6549571 -1.0
3.70042318 2.4261834 -1.0
5.79917366 2.7620138 -1.0
6.16462659 6.5981924 1.0
5.09854551 5.2998077 1.0
6.95572416 6.0893246 1.0
1.94898737 1.5048027 -1.0
1.54931992 2.4163471 -1.0
6.40717573 5.5963153 1.0
3.74469818 3.5811189 -1.0
5.41414629 5.7498199 1.0
3.03143301 2.9052801 -1.0
2.6758691  2.3276542 -1.0
5.04471087 6.8896026 1.0
0.6744985  4.0193177 -1.0
5.81001047 6.0363727 1.0
1.09097681 4.0778797 -1.0
2.28035784 3.4812848 -1.0
5.24909392 8.0274036 1.0
2.35962141 4.9822854 -1.0
6.0929155  6.3636238 1.0
2.76185353 2.0167727 -1.0
5.56898425 5.9198554 1.0
5.19471305 6.8709784 1.0
8.02946914 5.9053916 1.0
1.93686552 2.8832901 -1.0
5.57489986 4.7549821 1.0
3.52351792 1.7501590 -1.0
2.228581   1.4528749 -1.0
4.27485987 3.8462232 -1.0
4.05814552 5.6264034 1.0
1.05978061 3.0194581 -1.0
3.32751602 2.9823764 -1.0
1.14417299 2.5760033 -1.0
2.17288558 3.9756557 -1.0
2.98255043 4.0750966 -1.0
2.86480135 0.7931657 -1.0
1.37465987 3.3453295 -1.0
6.52505109 7.2836924 1.0
2.9024531 2.831690 -1.0
6.59451371 7.3156348 1.0
3.75930382 2.7437750 -1.0
7.85569472 5.6822684 1.0
5.86717024 6.3977155 1.0
4.59632029 5.5216076 1.0
4.85694922 6.5365812 1.0
7.73487005 6.5523792 1.0
4.98692824 3.6806573 -1.0
2.70438405 2.5102908 -1.0
8.13265252 4.5430543 1.0
2.04178246 2.2076749 -1.0
2.95856146 3.9986056 -1.0
2.20577397 4.1306228 -1.0
5.65586774 4.6186881 1.0
5.43479809 4.1587812 1.0
2.66664209 3.7637835 -1.0
3.09296101 4.0762268 -1.0
1.88201532 2.9381251 -1.0
5.97426482 8.2683998 1.0
8.09609686 6.6451917 1.0
3.1080101  2.3840935 -1.0
6.54703092 5.3644304 1.0
7.01888224 6.7932931 1.0
2.9936251  4.3601672 -1.0
6.73221558 5.4236315 1.0
1.76795044 2.7491602 -1.0
3.8010693  3.2358704 -1.0
7.85485377 6.5095188 1.0
1.92097865 2.3497283 -1.0
6.38128138 4.3064068 1.0
5.56414669 6.4176493 1.0
5.75058434 5.1552974 1.0
4.17600751 4.5440062 -1.0
6.97189169 7.3925928 1.0
2.71947015 2.3508916 -1.0
2.19135878 4.2005570 -1.0
5.06761205 5.2718403 1.0
2.67093726 2.7065882 -1.0
2.36036895 1.3971218 -1.0
4.17490082 6.7254958 1.0
2.00167272 5.3549078 -1.0
6.20236528 6.7636101 1.0
3.1021482  3.0887875 -1.0
2.8899739  1.8549048 -1.0
6.40278765 3.4098408 1.0
2.38183923 2.7929241 -1.0
7.0690789  5.1779360 1.0
2.87420774 2.9727072 -1.0
4.63856069 7.2920070 1.0
4.21877424 4.8682341 -1.0
8.37545458 5.2165682 1.0
2.24412054 2.4332600 -1.0
3.26524215 3.8492551 -1.0
4.80655218 5.1359667 1.0
2.17070089 3.6884378 -1.0
5.1999553  5.2032922 1.0
2.4393625  1.4323204 -1.0
3.07512847 3.1613009 -1.0
2.04149331 2.8512446 -1.0
7.28581105 5.1756912 1.0
4.08421033 1.1518867 -1.0
7.75399629 6.3403945 1.0
7.17699539 5.2015573 1.0
5.61062965 5.8480386 1.0
6.74540125 6.8830983 1.0
4.96388005 5.9099518 1.0
2.79507334 1.4713493 -1.0
1.56694084 3.8432618 -1.0
3.88160764 3.5284258 -1.0
3.76963396 2.8431817 -1.0
4.52584931 2.3500827 -1.0
6.45250466 6.1298234 1.0
5.76561202 7.1959391 1.0
5.69730725 5.6449190 1.0
2.4501537  4.2981592 -1.0
6.07676055 5.8015294 1.0
4.37380257 8.2335274 1.0
2.94989288 4.6371287 -1.0
5.61485775 6.2847474 1.0
5.71637847 5.2946841 1.0
6.9958735  6.9804748 1.0
4.03905613 3.1931365 -1.0
7.87330387 5.9875755 1.0
6.66499563 7.4361691 1.0
7.11269837 5.3981173 1.0
7.09315727 5.9101520 1.0
5.00172859 7.0152164 1.0
6.42287959 6.6856791 1.0
7.34469265 4.7766436 1.0
6.43529569 5.6464337 1.0
6.06157861 5.7233311 1.0
6.94446482 4.9489080 1.0
5.58958347 6.5161672 1.0
5.68142367 6.1146713 1.0
4.63471025 7.4002697 1.0
5.08001555 5.3906152 1.0
6.45098288 6.4023314 1.0
6.20474763 4.8528521 1.0
3.66679028 3.7334827 -1.0
3.63140746 1.5996651 -1.0
1.78228943 1.8329619 -1.0
2.24168185 3.4439395 -1.0
6.45283321 6.1230819 1.0
2.77561688 2.9813477 -1.0
6.36407513 7.1473177 1.0
6.66729319 6.4536927 1.0
4.36552084 1.8065736 -1.0
1.98106894 4.7223567 -1.0
6.21270955 5.8835865 1.0
6.12738832 5.3387660 1.0
5.39712385 4.9347079 1.0
0.58412193 3.3457470 -1.0
6.50581158 6.6282956 1.0
3.18667628 3.5784742 -1.0
2.95827426 3.0984910 -1.0
2.17877055 2.8670416 -1.0
6.84877601 6.8481274 1.0
6.71582778 7.1044929 1.0
3.82134561 5.1163022 1.0
6.38041633 4.2715611 1.0
2.52555932 1.0342174 -1.0
4.6615476 4.752453 1.0
4.44015487 6.1185318 1.0
7.6302367  7.5333611 1.0
3.0928973  3.8134246 -1.0
6.09593103 4.9133772 1.0
3.24010682 4.1426631 -1.0
5.25982206 5.3827645 1.0
6.93073428 6.1979708 1.0
2.6696803  3.3458208 -1.0
2.59896124 4.0968342 -1.0
8.97517183 6.9627094 1.0
4.3890459  2.9636891 -1.0
3.0766976  2.3230609 -1.0
2.09259111 1.7966879 -1.0
6.69981268 7.5175377 1.0
4.5834819  4.4123138 -1.0
6.65019399 6.1868687 1.0
2.56826625 2.3997325 -1.0
6.78165714 6.1478940 1.0
6.12155503 6.1646198 1.0
2.52918939 3.5801166 -1.0
2.61625003 3.7305968 -1.0
4.58665099 8.6060640 1.0
2.84579694 2.5370248 -1.0
7.17775697 7.2647918 1.0
4.52073985 4.0707409 -1.0
5.72375214 6.3482313 1.0
6.59051823 7.1941200 1.0
2.21459355 1.2917657 -1.0
5.80540121 6.1873598 1.0
2.69043962 0.9674667 -1.0
4.12636514 2.4167852 -1.0
6.23639887 6.8726790 1.0
6.77606251 6.0372218 1.0
6.40045879 6.3451846 1.0
4.47631241 4.5412071 1.0
5.40096566 5.2274258 1.0
2.35642968 2.9896271 -1.0
2.45081953 1.3935978 -1.0
2.74971686 2.3392945 -1.0
5.45745994 6.3899243 1.0
7.47579964 4.1211495 1.0
2.35013927 1.8227227 -1.0
2.01723915 3.5900594 -1.0
6.07208576 5.8666551 1.0
1.42259728 2.4902933 -1.0
5.91100524 7.2813410 1.0
5.78505945 5.1964634 1.0
5.23196815 2.5989303 -1.0
2.76520559 2.1951232 -1.0
5.55479365 4.2503402 1.0
3.8021058  3.4592622 -1.0
4.72413169 6.6515759 1.0
3.90670764 8.3130229 1.0
4.83157276 5.1335878 1.0
5.67549536 3.4613759 -1.0
5.46175125 5.6658663 1.0
3.72415605 3.4898780 -1.0
6.35850317 4.5349364 1.0
2.63765318 1.2232979 -1.0
7.99725845 5.9857901 1.0
1.81809644 2.7826664 -1.0
8.16276492 5.4179048 1.0
7.86683199 6.7310316 1.0
4.3342552  4.7991377 1.0
5.49466589 6.6875605 1.0
5.74910364 5.6652382 1.0
3.26633264 5.1355607 -1.0
2.84071429 5.1705163 -1.0
3.43030776 5.7854249 1.0
5.14597056 5.2355281 1.0
2.42830491 3.0905233 -1.0
4.41781988 4.9808158 1.0
2.69832226 2.6430794 -1.0
6.56512072 5.4557711 1.0
3.97693295 2.4872569 -1.0
2.18720292 4.4600607 -1.0
5.61022578 5.8826066 1.0
7.29670526 4.3453406 1.0
7.90770668 6.1644125 1.0
4.60025835 3.3208457 -1.0
6.05306301 7.2305551 1.0
3.02436045 2.6938032 -1.0
3.01533657 3.5450916 -1.0
7.59951273 6.8307333 1.0
2.62189748 2.6977589 -1.0
5.77892913 6.4311872 1.0
5.87551764 5.8164184 1.0
3.62372581 2.5759970 -1.0
5.02690016 8.4439545 1.0
2.35954133 1.5207791 -1.0
3.78485484 1.8265755 -1.0
5.75920046 5.6319864 1.0
3.54912137 4.0433978 -1.0
3.02290965 3.2404935 -1.0
5.3009454  6.5315911 1.0
5.08880214 5.7618353 1.0
3.56266202 3.5573156 -1.0
4.85906907 6.9525802 1.0
4.0970469  3.1072204 -1.0
7.13738996 6.3202999 1.0
2.01372717 3.0419280 -1.0
3.08775382 3.5367617 -1.0
0.91943838 2.6982645 -1.0
1.38059793 3.1929023 -1.0
5.86693025 7.3291924 1.0
4.02889293 2.4625161 -1.0
3.25183512 2.9377406 -1.0
2.5394807  3.6074052 -1.0
2.16519984 3.1287125 -1.0
5.49285768 3.1984497 -1.0
4.61370259 3.7364227 -1.0
1.97837408 4.2864695 -1.0
4.72613366 6.6096058 1.0
5.20605881 5.9044322 1.0
6.07966628 4.5097158 1.0
5.69914439 6.2935383 1.0
3.75336901 3.0300721 -1.0
6.33634523 5.6554975 1.0
2.83720479 1.4159382 -1.0
3.15453079 2.7294895 -1.0
3.81844526 5.4583876 1.0
3.05404807 1.2068929 -1.0
6.39223136 5.2223663 1.0
6.38619796 6.5566106 1.0
6.68581237 7.2143523 1.0
5.80026246 4.1958741 1.0
3.25949391 3.0580913 -1.0
2.44403922 2.9576410 -1.0
5.16574761 6.1524133 1.0
2.45762229 4.3135338 -1.0
5.06743943 6.9592695 1.0
5.91695615 5.2133563 1.0
1.80049928 3.6343363 -1.0
5.32260325 6.4128205 1.0
6.3510405  4.8255881 1.0
2.87365918 2.7781886 -1.0
3.40018894 3.6797208 -1.0
3.1206329 3.987889 -1.0
6.43224483 5.9502865 1.0
2.90114453 2.0820317 -1.0
1.58904003 3.5600724 -1.0
3.12340458 2.4980218 -1.0
6.38948779 6.2837898 1.0
2.11058253 2.5186091 -1.0
4.13080258 2.6610202 -1.0
4.81326429 0.6341260 -1.0
5.49928133 6.5501798 1.0
1.04916407 4.2653936 -1.0
4.76946422 4.6262949 1.0
3.8605805  4.1504418 -1.0
5.28508883 5.1266014 1.0
7.72998046 8.2223554 1.0
6.6507501  7.1475484 1.0
1.9225558  4.0600304 -1.0
5.74794687 7.5434642 1.0
3.02281604 3.2901844 -1.0
3.1283737  3.9950599 -1.0
5.44778905 5.6656727 1.0
4.24171371 2.8613901 -1.0
5.37352061 5.8440874 1.0
6.41516978 5.7804231 1.0
2.17660404 2.6946613 -1.0
2.73277911 2.1311709 -1.0
3.03685802 1.0715313 -1.0
7.82127625 6.4620361 1.0
2.66900394 3.7789652 -1.0
5.0305606  2.4758280 -1.0
7.96207414 5.7631754 1.0
1.63571554 2.7284795 -1.0
4.62037374 2.4933022 -1.0
6.05749537 4.8874963 1.0
6.83787489 6.0973763 1.0
2.81222083 3.0767330 -1.0
5.98030998 6.6327999 1.0
2.62700021 3.6459634 -1.0
6.46492946 8.6264844 1.0
4.51387843 5.6286773 1.0
5.70592824 6.4535423 1.0
6.22293774 5.0520684 1.0
4.28229002 6.1921075 1.0
3.29240223 2.5621503 -1.0
2.67123313 2.1296142 -1.0
4.36302136 5.3814240 1.0
3.91398472 3.9834778 -1.0
2.81023386 2.8305176 -1.0
6.2752545  5.9254055 1.0
5.41613209 8.0656190 1.0
6.01178927 4.4378789 1.0
5.33298017 4.0086868 1.0
5.73800409 5.0581166 1.0
6.34837917 6.3796158 1.0
5.85518523 6.4781429 1.0
7.3975834  5.1449103 1.0
3.12639329 2.1274955 -1.0
3.0885858  4.5670855 -1.0
4.71021574 6.8742384 1.0
4.24741197 3.8796086 -1.0
4.00886748 2.8173381 -1.0
2.92325628 4.5093773 -1.0
5.02566502 6.7772145 1.0
4.43374354 4.6870478 1.0
3.87637065 5.3944496 1.0
3.49183683 3.2218934 -1.0
2.44946589 1.0968462 -1.0
7.23682263 5.2611974 1.0
3.59882567 3.6922584 -1.0
3.74232157 2.8023536 -1.0
4.54637351 2.6835754 -1.0
1.22606151 1.3844453 -1.0
6.90118683 6.2146319 1.0
3.92411679 3.4181541 -1.0
4.35680457 3.9709446 -1.0
6.0372255  7.4321223 1.0
4.53728548 3.4422900 -1.0
4.02340558 1.8553608 -1.0
6.06339625 5.7938950 1.0
6.50491653 4.7731637 1.0
4.82744074 6.2822732 1.0
1.77527347 2.6840570 -1.0
4.37809659 4.5142525 1.0
2.58852283 3.7038671 -1.0
1.36736739 4.3218397 -1.0
6.79160685 5.933895  1.0
7.27806892 4.8527189 1.0
3.98979301 4.9292325 1.0
5.63554188 5.3572588 1.0
6.73473167 4.2414684 1.0
5.81097811 4.2617947 1.0
6.79776214 5.8953064 1.0
5.97359463 7.0928065 1.0
4.826652   6.3912729 1.0
7.01148819 4.9184265 1.0
5.96664396 5.2723983 1.0
5.18603157 6.2355732 1.0
7.1935675  5.0239373 1.0
2.42424947 3.6764306 -1.0
3.36460516 3.8313787 -1.0
2.71963401 3.1986416 -1.0
1.98043999 4.4456309 -1.0
5.49524869 6.1766573 1.0
2.45261243 3.8695950 -1.0
1.63618955 2.2692156 -1.0
2.19461704 2.4280922 -1.0
5.315368   5.5337188 1.0
7.56944371 6.7839749 1.0
2.83016531 2.5872350 -1.0
6.04210557 3.9091761 1.0
7.07582955 5.1647218 1.0
3.52724736 4.2528103 -1.0
6.51421572 7.8614307 1.0
2.32607776 4.0713847 -1.0
2.83148563 5.6962731 -1.0
4.40310668 6.0241204 1.0
5.51855688 6.0931808 1.0
5.14246109 5.8151789 1.0
5.03223101 4.8370651 1.0
4.72354392 2.3665351 -1.0
2.67419311 0.8647524 -1.0
3.66487188 2.7512621 -1.0
3.94393267 6.2395521 1.0
5.9690916 5.614612 1.0
6.59667539 4.0995013 1.0
2.62108501 4.4656800 -1.0
2.25930363 3.4690680 -1.0
6.67786574 5.9877808 1.0
2.55976714 3.6208266 -1.0
7.28444172 5.440418  1.0
4.16741774 2.0655742 -1.0
5.62344082 5.3665500 1.0
6.61094905 7.0739248 1.0
6.99897098 6.1576996 1.0
5.25198749 5.8906654 1.0
3.63815012 1.6847822 -1.0
0.55713317 4.4849677 -1.0
1.22424362 4.4311881 -1.0
4.53738293 4.5031457 1.0
3.99994858 6.1274769 1.0
3.00450468 1.6768243 -1.0
7.35271468 6.4927655 1.0
1.53610303 1.1155476 -1.0
5.03897648 4.0050858 1.0
6.97979948 5.4385583 1.0
2.53931591 2.6565220 -1.0
3.4625953  4.6993441 -1.0
2.04596838 3.0122268 -1.0
3.63065126 3.2590382 -1.0
4.75214579 1.3062537 -1.0
3.90692695 4.0395541 -1.0
6.59278702 5.3445292 1.0
3.42406579 4.1730575 -1.0
3.34227225 3.2001211 -1.0
5.67857657 5.4109777 1.0
2.09626021 2.3444974 -1.0
2.1165319  2.4979223 -1.0
3.39646938 3.7720149 -1.0
2.83392331 3.6457407 -1.0
6.86896975 6.4758220 1.0
2.64068849 5.5265066 -1.0
8.0101703  5.6146930 1.0
5.44452121 5.6027944 1.0
6.50460681 5.7164679 1.0
4.66680466 1.8975940 -1.0
4.13809395 6.4955967 1.0
7.38829687 5.6510374 1.0
2.75942646 3.5372652 -1.0
4.88440291 8.1928767 1.0
6.1704924  6.8545348 1.0
1.90234608 2.8306592 -1.0
3.66866335 6.0477693 1.0
2.687227   2.6293612 -1.0
5.12580611 6.6711572 1.0
2.34824968 2.6944152 -1.0
2.40052328 3.2958567 -1.0
4.39969693 3.5425773 -1.0
5.71629288 6.1832260 1.0
6.48348385 7.9907872 1.0
3.14675452 3.8042636 -1.0
3.05481566 4.8013616 -1.0
2.94305439 3.5238042 -1.0
6.49811575 8.5630445 1.0
2.07362648 2.2740872 -1.0
3.91673742 0.6491558 -1.0
5.21590413 7.3411612 1.0
7.64008673 6.9894238 1.0
3.39402865 1.7992354 -1.0
7.27949009 7.3024115 1.0
2.48922363 3.0898112 -1.0
4.38435819 5.9954919 1.0
7.35191729 5.8768240 1.0
6.89596426 4.4238285 1.0
1.16244783 3.6861278 -1.0
6.93775334 7.3179081 1.0
5.51107077 4.4627592 1.0
1.86333566 2.1458815 -1.0
3.90584857 2.9265666 -1.0
3.33525279 2.3885071 -1.0
6.64100212 5.4719541 1.0
2.93369706 3.6116014 -1.0
1.32314689 3.0124501 -1.0
2.88800996 3.8100917 -1.0
4.25759845 2.4892660 -1.0
5.39464284 7.1623696 1.0
2.87862372 2.7345942 -1.0
2.86200063 2.6198997 -1.0
5.03226708 2.1796222 -1.0
4.00541277 3.5335941 -1.0
6.28241129 5.4748953 1.0
5.77341036 5.1427050 1.0
2.70255158 3.7960716 -1.0
3.0129646  1.9836640 -1.0
4.23554724 6.4563691 1.0
2.73882432 1.6505387 -1.0
3.12125828 3.8034276 -1.0
4.60055547 2.9086813 -1.0
6.42252355 6.2183501 1.0
0.96270861 3.0019216 -1.0
1.72288171 3.4772087 -1.0
8.04408083 4.7109044 1.0
1.86933077 4.2778139 -1.0
6.4037011 4.843527 1.0
3.2972066  2.8601742 -1.0
3.51037696 3.1131113 -1.0
6.88441152 5.8196130 1.0
6.48108739 6.4387525 1.0
6.3172068  5.8346845 1.0
7.59048083 4.2524229 1.0
5.82964126 6.6122569 1.0
2.71893565 2.0470843 -1.0
5.69787718 6.4296553 1.0
5.97010311 5.1674225 1.0
5.08560613 2.0408216 -1.0
4.75836072 2.9295881 -1.0
5.16958906 7.1538509 1.0
6.43830951 5.0756802 1.0
6.01152745 7.6695005 1.0
5.44318118 8.2419928 1.0
1.83565872 3.0286203 -1.0
1.56533809 3.2780519 -1.0
1.01337043 2.2447472 -1.0
5.61524341 7.3470318 1.0
3.18147971 5.0280348 -1.0
6.25430889 5.4107224 1.0
1.25497227 3.7411898 -1.0
5.14404475 6.843011  1.0
5.52197474 5.1422514 1.0
6.86651875 5.9275309 1.0
6.53540826 5.5046922 1.0
3.9592058  2.4540054 -1.0
2.815239   1.3825144 -1.0
1.23403679 3.3893859 -1.0
6.78631932 4.6103609 1.0
5.76988191 6.1112677 1.0
4.91161389 6.2072312 1.0
2.18222563 1.4476673 -1.0
6.75705935 7.0584132 1.0
2.0147044  2.9550447 -1.0
5.38306791 4.7871847 1.0
3.16504533 1.5619581 -1.0
1.63215178 3.4066118 -1.0
2.27460978 2.5875206 -1.0
3.19675345 3.4584567 -1.0
2.37992036 3.2912994 -1.0
1.91551537 3.9535580 -1.0
5.52510814 5.990523  1.0
1.92217564 3.0960718 -1.0
