3.48996333 3.1564857 -1.0
2.16133343 0.8707988 -1.0
7.7051623 6.930035 1.0
3.32889437 3.7076331 -1.0
4.14660875 4.3270320 -1.0
6.92078395 6.8768318 1.0
7.29608162 7.0857767 1.0
6.64803852 6.9854491 1.0
1.80028943 2.4129944 -1.0
3.39966344 3.3581961 -1.0
4.04346458 2.7897792 -1.0
2.54886802 3.8309243 -1.0
2.04948962 2.5565272 -1.0
3.40259863 2.7679762 -1.0
4.20876712 2.6878166 -1.0
6.99626463 6.6029865 1.0
5.47313262 7.1231914 1.0
4.83768917 2.6782853 -1.0
1.85042583 3.3810419 -1.0
1.36053343 3.1895261 -1.0
8.27638866 7.5923707 1.0
1.15361296 2.3336378 -1.0
1.46710856 1.7182804 -1.0
6.70049118 6.0272788 1.0
3.84596594 2.1268702 -1.0
7.78943849 5.1799185 1.0
7.85886589 6.3229011 1.0
2.84156732 3.5080883 -1.0
8.20968255 5.6004674 1.0
3.17424485 4.6236127 -1.0
4.28649789 2.9359887 -1.0
7.15851719 7.2073999 1.0
6.20363701 6.8925363 1.0
3.27352351 2.6274640 -1.0
2.88700315 1.9210368 -1.0
2.98671851 1.9343296 -1.0
6.88506372 7.1686632 1.0
2.69704192 4.9188547 -1.0
2.87069291 3.0339199 -1.0
8.13407626 7.5105495 1.0
5.22198474 3.9972835 -1.0
7.04539918 6.9487147 1.0
8.5564439  6.0340296 1.0
3.68237845 1.8072393 -1.0
6.96139964 8.0456257 1.0
7.23868514 6.8671461 1.0
6.94896119 7.0298372 1.0
3.62915476 2.9325554 -1.0
3.49985467 3.5138263 -1.0
2.92174308 2.8759879 -1.0
6.25208471 7.9189293 1.0
4.08518632 3.3932198 -1.0
2.0802804  4.3996753 -1.0
1.68238357 2.1049974 -1.0
6.41505045 8.3833240 1.0
3.60672267 3.3010394 -1.0
6.24426441 4.8987134 1.0
2.0439498  2.0014999 -1.0
3.03978498 3.7953645 -1.0
3.62794314 2.5911271 -1.0
8.85542234 5.7943711 1.0
8.62894567 7.6508563 1.0
7.3756929  6.9208885 1.0
2.27569146 3.4183325 -1.0
2.17571298 4.2379085 -1.0
7.15429319 7.5681160 1.0
4.95960277 5.9615258 1.0
1.99099613 3.8891523 -1.0
8.06361056 7.0100575 1.0
1.74838203 3.4571955 -1.0
0.6737732 2.774965 -1.0
0.97799255 3.5239666 -1.0
3.77738405 1.9976617 -1.0
3.00985537 1.3780149 -1.0
6.76831694 5.2114732 1.0
7.30776826 6.2007788 1.0
3.26178942 2.9813254 -1.0
0.79325244 3.1554294 -1.0
7.74150424 8.3555837 1.0
1.43862246 3.6629825 -1.0
3.70833977 3.9329410 -1.0
3.50799643 1.8510288 -1.0
3.84700321 4.2968178 -1.0
4.36577761 3.7755779 -1.0
3.29138239 1.2910318 -1.0
7.47432523 6.9011881 1.0
5.6070244  7.7419602 1.0
7.34834999 7.3148042 1.0
3.07944731 3.9399361 -1.0
3.96190562 3.8710346 -1.0
8.59460199 5.5764866 1.0
7.6694617  6.1087641 1.0
7.26270456 8.0926396 1.0
2.66665333 3.6037023 -1.0
9.16822297 6.5102154 1.0
6.79633534 6.1688031 1.0
1.90114875 3.0705735 -1.0
8.23276112 6.3160931 1.0
1.28312989 2.1234526 -1.0
3.00882035 4.9244712 -1.0
6.24746459 6.4567351 1.0
4.16833116 4.2653108 -1.0
3.18566263 1.6524692 -1.0
8.44688907 7.8778377 1.0
2.38479711 3.3114944 -1.0
1.49859845 2.824791  -1.0
6.87892649 5.2871638 1.0
4.76371436 2.5716912 -1.0
7.60116579 8.7306239 1.0
6.67411885 6.8757911 1.0
1.75834158 1.2061264 -1.0
6.3859028  5.1226752 1.0
8.96728778 6.4345040 1.0
7.47004756 8.1133227 1.0
9.22413771 6.5723908 1.0
3.11467531 1.5488913 -1.0
2.74843852 4.6980261 -1.0
7.57004653 7.3298792 1.0
2.10772927 5.1729788 -1.0
7.03614669 5.5870070 1.0
2.43645955 4.9991481 -1.0
3.05055883 2.8388626 -1.0
7.26902619 6.7443899 1.0
7.0839456  6.4472089 1.0
6.11884593 7.5378383 1.0
3.78079975 4.4489642 -1.0
7.03971376 4.7345241 1.0
5.18121439 7.3926540 1.0
6.49710478 5.5035920 1.0
4.59243318 4.2672165 -1.0
6.85215155 6.2661158 1.0
6.13169469 7.9752676 1.0
8.37655334 7.4350750 1.0
2.66938097 3.1538147 -1.0
7.35424272 7.504927  1.0
7.00578966 7.1988051 1.0
2.52965296 1.5003573 -1.0
8.04785935 6.4209428 1.0
7.5541392  6.6685033 1.0
7.15811299 7.5906374 1.0
3.35357987 2.1486883 -1.0
3.23610993 3.8568478 -1.0
6.24758233 7.6373775 1.0
6.61052638 6.4465528 1.0
2.79726205 3.2578912 -1.0
7.98147563 7.8256804 1.0
1.37581606 4.8724597 -1.0
2.58061609 2.8611660 -1.0
3.1749864  2.7488404 -1.0
2.15794919 1.9926215 -1.0
2.61148753 2.3369464 -1.0
6.76728481 7.8740769 1.0
6.4754736  7.5939912 1.0
6.47514192 7.1304366 1.0
2.70509414 3.9550416 -1.0
1.82515547 3.5878135 -1.0
3.96484456 3.9265916 -1.0
3.88507934 0.9350312 -1.0
4.24596584 3.5352757 -1.0
6.23867287 5.4968848 1.0
3.76693338 4.8773509 -1.0
2.59436536 2.6612477 -1.0
3.17290787 2.9313959 -1.0
2.19196974 4.5680181 -1.0
2.62889971 2.5617541 -1.0
2.46625847 3.2942429 -1.0
1.60709936 3.5558598 -1.0
1.84164412 4.0700377 -1.0
7.5915817  5.3728121 1.0
6.67910706 5.7629427 1.0
6.01907023 6.5321273 1.0
3.20964671 3.5969676 -1.0
4.01406796 4.7089574 1.0
1.73704763 3.6757114 -1.0
7.31236989 7.9891233 1.0
2.25296376 4.1730958 -1.0
7.02621142 6.7403226 1.0
6.98762415 8.5922786 1.0
7.11900726 8.9869704 1.0
5.95690063 6.2014371 1.0
7.66531356 6.9363403 1.0
7.12515423 6.4957587 1.0
3.88264112 2.9117712 -1.0
2.87697468 2.0324641 -1.0
7.30085838 7.7573403 1.0
2.26659482 2.2186614 -1.0
3.64878187 3.7503180 -1.0
7.61899442 8.2857192 1.0
8.12448008 5.9000757 1.0
6.43348634 6.4143745 1.0
3.66460093 3.0966741 -1.0
4.1988008  3.5621308 -1.0
7.63570084 5.8815129 1.0
7.09091293 7.4362720 1.0
6.6882384  7.4639606 1.0
2.22826257 1.9888100 -1.0
1.76771885 2.8006516 -1.0
3.51393143 3.7215192 -1.0
6.33046816 9.1869641 1.0
9.0955609  7.1856302 1.0
6.04822511 6.8070000 1.0
6.34667946 6.0988823 1.0
3.16742703 4.4420773 -1.0
6.93753877 8.6952949 1.0
3.96128588 4.9254015 -1.0
8.01525341 7.9013427 1.0
2.14668849 1.5941123 -1.0
5.5938257  7.1339573 1.0
7.89435545 6.2245600 1.0
3.81699177 3.3609486 -1.0
5.08595376 3.2815912 -1.0
3.50747012 3.3551583 -1.0
6.71808042 6.6658573 1.0
4.88421652 8.587077  1.0
2.58000373 4.7064512 -1.0
3.18323599 2.0789518 -1.0
7.36301792 6.9620799 1.0
2.62119333 2.1598572 -1.0
5.82160419 7.0707398 1.0
2.85307076 3.8055704 -1.0
9.08774706 7.0337108 1.0
4.76344027 3.7079594 -1.0
1.71190239 3.4192247 -1.0
3.52527229 2.1044905 -1.0
1.6063905  2.6472471 -1.0
6.27127171 5.3290428 1.0
6.99898713 6.6238025 1.0
2.09980565 2.9389720 -1.0
3.44584727 3.9384914 -1.0
6.0040878  7.3190243 1.0
6.77358854 7.9799295 1.0
3.85633782 1.5373947 -1.0
8.80826546 8.2844118 1.0
6.32740658 7.1952836 1.0
5.87584749 7.0404620 1.0
7.96148634 6.0953408 1.0
6.82143042 8.3454418 1.0
7.80205851 7.3186678 1.0
3.43616688 2.8148872 -1.0
1.05513507 2.1705883 -1.0
7.59218735 8.0325296 1.0
4.57601584 2.4613201 -1.0
6.9931073  8.1620156 1.0
2.85009431 3.7425396 -1.0
2.51238563 5.0928595 -1.0
8.01451051 6.0557860 1.0
3.19513749 2.0167347 -1.0
3.78467733 1.7688954 -1.0
2.09549084 3.9520602 -1.0
5.72508726 5.0819794 1.0
2.96589916 1.8619814 -1.0
2.15411501 1.7178174 -1.0
6.50939277 8.1842834 1.0
3.28774577 5.4076473 -1.0
6.11502369 8.9901598 1.0
3.14647177 2.6075482 -1.0
8.13711314 6.0770420 1.0
8.22432044 7.3388751 1.0
2.99212236 3.7211742 -1.0
7.05749673 7.2629145 1.0
3.64972092 2.9241898 -1.0
7.74800784 6.6840219 1.0
2.77953354 3.2910382 -1.0
3.13275384 3.1849666 -1.0
6.30221651 6.6109624 1.0
6.9028057  5.7305826 1.0
2.99258508 2.1403305 -1.0
7.14591685 7.4117209 1.0
2.49067431 2.5130158 -1.0
3.82264215 1.6749577 -1.0
6.69146429 6.7424798 1.0
6.46845934 8.0375053 1.0
8.46254585 6.4366687 1.0
7.39562537 6.0027487 1.0
3.595688   3.2012300 -1.0
7.21363762 6.2850156 1.0
3.90426366 4.6610633 -1.0
6.57115824 8.3066659 1.0
9.02536737 6.7801155 1.0
2.71340251 3.9748521 -1.0
7.46053024 6.5597339 1.0
2.84190468 2.2236332 -1.0
3.09724837 3.8007056 -1.0
8.14316517 6.9503526 1.0
6.32626147 6.2604150 1.0
3.67502352 3.2644468 -1.0
8.07974769 7.8159083 1.0
7.09035706 5.9046548 1.0
3.83941812 4.0763486 -1.0
7.76204126 7.8756666 1.0
6.57269725 7.3412352 1.0
7.40584358 6.8352590 1.0
8.2804701  7.7386634 1.0
2.57756222 2.9748051 -1.0
1.9901464  3.0260841 -1.0
7.85888438 8.0745766 1.0
6.0460254  6.1858888 1.0
4.06622761 4.2943259 -1.0
2.10228328 2.9472999 -1.0
2.75996113 1.0116950 -1.0
8.43816501 7.7878964 1.0
2.49812451 3.2178031 -1.0
4.02743175 2.4572441 -1.0
3.42689815 1.3099851 -1.0
6.11556847 7.0723132 1.0
2.00278612 4.4515507 -1.0
2.82791496 2.4054764 -1.0
3.27266582 3.2382128 -1.0
7.32553548 6.4061735 1.0
8.13472484 7.9525896 1.0
7.17565738 6.2908436 1.0
7.69955553 7.4656890 1.0
3.86933449 4.1487536 -1.0
2.83879133 3.4017855 -1.0
3.29287982 4.1601953 -1.0
8.75322468 5.5026070 1.0
8.61584471 7.6478182 1.0
6.40581349 6.9753937 1.0
6.82851734 7.0708239 1.0
6.88367487 7.3095364 1.0
9.25575698 6.9351457 1.0
5.99013734 6.4207245 1.0
1.61827648 4.4643089 -1.0
5.75078997 6.8155144 1.0
4.28508845 3.2379679 -1.0
2.29903318 2.1400121 -1.0
8.66680972 6.9224639 1.0
7.12689621 6.8269546 1.0
4.07959627 3.3542540 -1.0
7.99320622 7.9359679 1.0
4.24103093 4.9306647 -1.0
3.74761671 2.8715195 -1.0
7.22033956 7.9855911 1.0
2.95361092 4.7598899 -1.0
3.0794827  4.1205878 -1.0
2.70436777 2.8121723 -1.0
2.53451735 2.4617910 -1.0
8.13121083 8.4858968 1.0
6.01883571 5.3538294 1.0
4.33445309 6.1843581 1.0
7.6402065  6.8340419 1.0
8.51270149 6.9215238 1.0
1.35019819 2.5048189 -1.0
2.36777146 3.8554501 -1.0
7.71026776 5.7048933 1.0
6.57262404 7.8431395 1.0
5.70289501 6.8231719 1.0
7.34232793 6.5958417 1.0
6.60944335 8.7890820 1.0
6.54657243 6.9101416 1.0
6.77710861 7.7285998 1.0
6.33164364 6.5645420 1.0
2.97023678 1.8126355 -1.0
7.01017424 7.3044220 1.0
1.20789125 1.6039555 -1.0
3.22733045 1.9431641 -1.0
7.08097177 7.4662504 1.0
7.17926302 6.6786100 1.0
6.39434658 2.5360666 -1.0
6.37857486 7.9179566 1.0
3.11206634 2.5334546 -1.0
4.52838408 2.8780007 -1.0
2.37526501 2.8301164 -1.0
2.17385635 1.6836511 -1.0
2.04191726 3.7226304 -1.0
2.50423113 3.4779565 -1.0
2.84647618 5.2204656 -1.0
3.30940445 4.3713091 -1.0
7.83821834 6.9359790 1.0
5.3212627  8.0874207 1.0
8.44676913 5.2589682 1.0
0.95103772 2.2758295 -1.0
2.41386833 2.0054008 -1.0
3.67462178 1.9208310 -1.0
3.3135288  3.5839373 -1.0
3.85347005 2.8554889 -1.0
8.08779104 5.8637931 1.0
2.80234955 3.0404246 -1.0
7.04409238 7.0393431 1.0
9.43668918 6.3626908 1.0
2.30666591 2.5175052 -1.0
2.98702565 2.4565236 -1.0
7.6981456  7.7253896 1.0
7.69134933 5.6976200 1.0
1.60068034 3.5532120 -1.0
5.1701525  6.3760872 1.0
4.93964214 8.1002625 1.0
6.24217233 6.9483482 1.0
6.68413165 6.6900895 1.0
6.21342445 6.8772798 1.0
6.49361826 6.5668426 1.0
3.00584693 3.9760302 -1.0
6.3439059  5.3709155 1.0
5.19470442 6.5024463 1.0
2.75493421 1.9092677 -1.0
6.49310849 7.7651648 1.0
2.59356767 1.5968694 -1.0
2.41688041 4.3160623 -1.0
2.11183779 2.2748246 -1.0
2.91223344 3.1389736 -1.0
3.52304941 2.7041334 -1.0
3.03894326 2.1487213 -1.0
1.69792178 3.7264822 -1.0
7.27670258 6.2181657 1.0
1.32482428 3.2375421 -1.0
7.55562374 7.0383091 1.0
3.55561576 3.9669250 -1.0
7.32121896 4.9867047 1.0
5.75409643 7.2384034 1.0
1.55369225 1.3510252 -1.0
0.81410778 3.2696481 -1.0
7.98244642 8.2967829 1.0
6.92694767 7.6496964 1.0
1.75665622 1.6541190 -1.0
6.7145627 8.566632 1.0
3.16639061 3.4634175 -1.0
3.11398051 4.7316973 -1.0
7.26172955 7.0500434 1.0
3.88431336 1.8865096 -1.0
5.46098035 7.6073078 1.0
5.95538113 6.0456751 1.0
3.19272009 3.1947494 -1.0
4.26186783 2.7675837 -1.0
4.14722742 2.4620389 -1.0
2.77152846 3.6112815 -1.0
8.17492735 7.4080396 1.0
7.94917782 7.4553427 1.0
3.64243458 3.3264258 -1.0
3.8220673  4.1125961 -1.0
5.09196003 2.4182851 -1.0
8.69554281 6.9961565 1.0
7.04024153 7.3140052 1.0
7.9574843  7.2393667 1.0
1.57103456 1.7315145 -1.0
2.6594958  3.6351077 -1.0
2.00776866 3.0127024 -1.0
4.46785265 1.7148162 -1.0
7.0210632  7.8256445 1.0
6.80834906 5.2173125 1.0
7.68538342 6.7935040 1.0
7.95565022 7.1062166 1.0
2.79108081 5.3416788 -1.0
2.53531695 2.8567535 -1.0
3.15183519 2.1238109 -1.0
5.01428751 6.9965879 1.0
8.07770668 7.6964518 1.0
7.11938934 9.4125085 1.0
6.66155076 6.7506903 1.0
5.96709703 8.2093113 1.0
1.54526108 3.6975283 -1.0
5.09374274 3.2972935 -1.0
4.19257063 2.7522358 -1.0
7.11662043 7.8357545 1.0
4.95687715 1.8442139 -1.0
8.00731811 5.7558767 1.0
6.29134476 7.6437354 1.0
9.03889236 7.1281604 1.0
6.56288676 5.2802950 1.0
2.21223036 2.0906777 -1.0
2.88966523 4.1005092 -1.0
1.17101628 2.7443768 -1.0
3.22752468 3.4500599 -1.0
2.51780963 4.0862064 -1.0
3.85484968 2.9554240 -1.0
7.66755346 5.4038216 1.0
2.40588188 2.9004049 -1.0
7.00728179 5.5138055 1.0
1.51548404 3.1809968 -1.0
3.95673881 2.4790128 -1.0
8.08702278 8.0616869 1.0
7.1118034  6.5352339 1.0
8.17265189 6.1757418 1.0
8.63268334 6.4124638 1.0
2.92600659 1.2180383 -1.0
7.31898173 8.4987518 1.0
3.63695702 3.0622495 -1.0
2.65202027 4.4591755 -1.0
3.48073169 2.9768605 -1.0
7.18868476 7.1321226 1.0
4.62430946 2.4709724 -1.0
5.44662509 7.4410790 1.0
1.0562757  0.9193792 -1.0
5.17298829 2.8812090 -1.0
7.27465147 6.8771988 1.0
2.64481106 2.7424967 -1.0
2.58875234 4.4692840 -1.0
7.01963963 7.4683895 1.0
1.95647107 3.2106923 -1.0
2.04822015 3.7499263 -1.0
1.22513115 2.3121673 -1.0
6.91068945 6.5316645 1.0
8.25230804 7.9439808 1.0
3.31096969 2.5043097 -1.0
5.60159095 7.6631772 1.0
3.13521019 2.8871315 -1.0
2.922955   1.1398379 -1.0
6.70746095 7.8657512 1.0
6.72904649 6.0336234 1.0
1.38906205 4.2197020 -1.0
2.25431434 2.4593076 -1.0
6.3996322 6.714526 1.0
3.92614357 1.8953953 -1.0
7.39914006 6.4901586 1.0
3.77797973 1.8496321 -1.0
2.79643244 2.7977545 -1.0
3.05246812 2.0429882 -1.0
3.93530055 2.2433421 -1.0
6.67208578 5.8910645 1.0
6.50350989 8.0306772 1.0
2.51298755 3.7024655 -1.0
8.05709969 5.8518821 1.0
6.96324405 6.9538929 1.0
2.45154318 2.1911569 -1.0
5.61779234 3.7477497 -1.0
5.32644062 7.0915081 1.0
2.79324671 3.5502377 -1.0
1.45908109 4.0874839 -1.0
4.06388607 1.7072718 -1.0
1.10765429 3.4279275 -1.0
2.96369539 3.5040836 -1.0
5.78526045 6.5995322 1.0
8.15595346 7.5318819 1.0
2.10970914 0.6764596 -1.0
4.99115845 2.6642034 -1.0
1.24080147 2.8958735 -1.0
4.09593336 2.3254418 -1.0
3.6013842  3.0583809 -1.0
8.04753558 6.8956313 1.0
5.24527974 2.9831561 -1.0
6.01510038 5.6083990 1.0
2.60711294 1.8056301 -1.0
1.65780636 3.4499835 -1.0
6.42127922 5.5739498 1.0
5.44446077 7.4317784 1.0
5.52554744 8.2794470 1.0
1.79414875 4.1420490 -1.0
1.32550026 2.5832132 -1.0
7.37523869 6.0226357 1.0
6.58736171 5.9210105 1.0
2.233097   3.1734117 -1.0
8.54912182 5.2523705 1.0
5.91504732 2.7308262 -1.0
5.70482191 6.8494700 1.0
3.5788813  2.5830548 -1.0
2.95532813 1.9439003 -1.0
7.68292659 9.2909456 1.0
2.68551091 3.4972870 -1.0
3.09587048 2.1855382 -1.0
6.64872647 6.8876692 1.0
7.32294164 6.6138607 1.0
3.67919134 1.8720718 -1.0
6.42040729 7.7291229 1.0
7.75360083 4.9487755 1.0
2.27329483 3.4692451 -1.0
7.51663643 7.5575567 1.0
3.71374312 3.1477453 -1.0
6.89588596 7.8146422 1.0
4.5277343  6.7716859 1.0
6.09134553 7.2705685 1.0
2.94835696 4.8897763 -1.0
4.19070662 2.3248822 -1.0
3.34545137 2.4101314 -1.0
3.51569267 2.7016125 -1.0
7.99841518 7.1964408 1.0
2.77735342 4.6541388 -1.0
8.18178245 8.6755597 1.0
2.63130793 2.8124188 -1.0
6.61065622 8.1724428 1.0
7.64658032 5.9956873 1.0
4.30128509 7.3110722 1.0
3.88883195 1.7103800 -1.0
2.20922337 2.8417768 -1.0
5.81834518 7.5048505 1.0
3.65053917 2.7597316 -1.0
6.17409109 5.9075671 1.0
6.72120726 7.9257838 1.0
6.32973745 5.7388532 1.0
2.83631475 2.9201657 -1.0
6.28858643 7.3917288 1.0
4.58600316 2.8431548 -1.0
9.05493026 7.0286331 1.0
6.99611587 7.7351400 1.0
7.16593988 7.9084222 1.0
2.53910047 2.3463096 -1.0
8.67424804 6.4132077 1.0
5.99524385 7.4370045 1.0
8.80546628 6.7502111 1.0
2.90303831 4.1090604 -1.0
1.47311843 2.3348938 -1.0
3.02909702 4.5902070 -1.0
3.39866384 2.721272  -1.0
8.72687737 7.0451415 1.0
5.97172848 5.9564805 1.0
3.94036124 2.6415516 -1.0
1.68683042 3.4942349 -1.0
7.59004786 6.9758487 1.0
0.83231042 2.8814350 -1.0
8.02570321 4.9006860 1.0
7.16207187 5.7388018 1.0
6.70350948 7.1155255 1.0
8.3936077  7.3022043 1.0
2.45183649 0.6776858 -1.0
7.06989505 6.5338568 1.0
1.80757679 3.4556572 -1.0
2.91855846 4.6700939 -1.0
6.48345801 8.0386861 1.0
6.00116373 6.1536903 1.0
6.38581954 4.5597224 1.0
3.51193888 2.9440553 -1.0
7.58014569 6.7527748 1.0
7.69596707 9.0285752 1.0
6.96184271 7.4456022 1.0
6.06222125 7.0249519 1.0
3.71823016 3.0897630 -1.0
4.60728099 4.5420143 1.0
5.998225   5.6632983 1.0
3.13286523 1.8863788 -1.0
7.16102631 5.7827060 1.0
8.53218419 6.3668641 1.0
8.70037531 7.3143600 1.0
3.73416188 1.6717683 -1.0
6.21793233 5.8970008 1.0
6.02842664 7.3699731 1.0
6.52276255 6.9637982 1.0
2.4237868  2.7504140 -1.0
1.87672145 1.9820742 -1.0
6.56341019 7.6370117 1.0
5.78440882 6.7199900 1.0
6.86510316 6.9952960 1.0
2.4073786  3.0595346 -1.0
6.19001825 5.2329509 1.0
4.9696838  6.6468417 1.0
6.58523105 5.8519490 1.0
3.0317539 2.785233 -1.0
3.16855634 2.7573594 -1.0
3.53131896 3.4321524 -1.0
7.32262744 5.2484821 1.0
6.80455684 8.0459036 1.0
2.67871706 4.4557518 -1.0
7.85893    8.3541472 1.0
7.38060357 6.0001183 1.0
2.83976849 3.9748792 -1.0
8.06402418 6.2817495 1.0
3.94548344 1.3467787 -1.0
2.0507807  2.9237350 -1.0
2.72966412 1.6336044 -1.0
8.2920801  8.3200375 1.0
3.30206934 1.3730647 -1.0
4.64190527 3.0881763 -1.0
6.95543931 6.5433320 1.0
7.13466624 6.2262632 1.0
3.03672719 3.6252135 -1.0
2.97852214 2.3183675 -1.0
2.09627088 3.6042820 -1.0
1.89242133 1.4752455 -1.0
2.08061189 3.6974011 -1.0
2.42991637 2.8922002 -1.0
6.57237196 7.092579  1.0
5.58698225 5.7808334 1.0
2.36535973 3.5991876 -1.0
2.66383079 2.2562289 -1.0
5.9389907  5.9517473 1.0
8.31065597 7.506967  1.0
3.00775438 1.6377137 -1.0
1.64487285 3.8653625 -1.0
7.56585999 7.4821566 1.0
6.83589001 7.2650616 1.0
7.44983158 7.4949029 1.0
2.01237067 2.0821779 -1.0
3.50208045 3.8615333 -1.0
0.67224076 4.0306109 -1.0
6.69701941 7.6244979 1.0
3.6292143  2.4947727 -1.0
4.30181086 3.8426034 -1.0
2.30916728 2.1703437 -1.0
8.40910769 7.2818413 1.0
1.35449855 3.7915946 -1.0
3.4825988  3.7321789 -1.0
3.77266144 3.3363774 -1.0
0.34828851 5.1925737 -1.0
4.24302982 2.7288690 -1.0
7.16174018 5.4283637 1.0
6.01490826 7.1246650 1.0
1.36702733 2.7801812 -1.0
6.71857117 7.8916932 1.0
5.76829594 6.6503755 1.0
7.35274635 7.7218271 1.0
3.81954101 2.0844636 -1.0
4.39149439 2.0884697 -1.0
6.32654556 6.1031076 1.0
7.19938489 4.9165679 1.0
4.80387787 7.1544387 1.0
6.86591187 8.0686905 1.0
6.45670802 7.8048485 1.0
7.04621104 7.0295307 1.0
1.9432537  3.8294886 -1.0
6.00355315 5.9542922 1.0
3.49529812 2.2324751 -1.0
1.16797153 2.8603332 -1.0
7.26449438 6.9601159 1.0
4.48093653 3.3877646 -1.0
7.90400898 7.2614317 1.0
7.37902696 7.6655363 1.0
7.54603028 7.1059028 1.0
1.61464102 2.9446357 -1.0
6.49874004 7.6227802 1.0
3.05803932 1.9936778 -1.0
7.29867569 5.6024192 1.0
7.06642012 5.4033842 1.0
6.66980397 7.5133112 1.0
3.23717375 2.9659140 -1.0
6.71492046 9.1796876 1.0
2.5872422  4.9151909 -1.0
5.25024246 8.1274267 1.0
2.91519557 3.8151288 -1.0
1.44070243 2.8518035 -1.0
2.4961534  2.1509130 -1.0
1.75293744 3.9073612 -1.0
7.64575983 6.3763788 1.0
1.46355408 3.0725654 -1.0
6.80640205 7.1204402 1.0
1.61324271 3.5971114 -1.0
6.94469076 8.5550194 1.0
6.82748457 7.9066049 1.0
3.39351042 2.8503376 -1.0
0.47561212 3.2202879 -1.0
5.12612384 1.8804754 -1.0
6.86941003 5.6534716 1.0
1.74688098 2.1939332 -1.0
6.16113754 7.9533855 1.0
3.47556121 2.5834760 -1.0
2.04002053 2.2344381 -1.0
6.12963428 7.4102158 1.0
1.18834593 2.8805581 -1.0
6.49922319 6.3406563 1.0
5.03177206 4.1925582 -1.0
5.29751555 5.8984049 1.0
3.2852408  2.6707150 -1.0
7.62533847 6.1553567 1.0
2.48116225 1.2532653 -1.0
2.03023278 3.3461144 -1.0
8.04316825 8.9716271 1.0
6.2080249  6.7474031 1.0
3.78095054 3.5028518 -1.0
7.49367839 6.5397733 1.0
3.27774807 1.4807253 -1.0
2.18450006 3.3844781 -1.0
7.74207833 7.5978520 1.0
6.2484527  6.6355778 1.0
7.49253313 5.6884020 1.0
3.90048632 4.7231377 -1.0
7.11792306 7.7637043 1.0
2.77098609 3.0941069 -1.0
5.50182433 6.4688013 1.0
6.53033846 6.1466770 1.0
8.70673003 6.0332126 1.0
7.40669343 7.6033946 1.0
2.5859249  1.2333169 -1.0
6.27499815 5.3506178 1.0
8.97414126 7.0710735 1.0
3.04582839 4.3610426 -1.0
4.13753931 4.0998767 -1.0
0.94485378 2.2902325 -1.0
2.71379474 4.8439691 -1.0
6.71020335 7.5874852 1.0
6.48727179 8.1365468 1.0
1.61049621 2.4064260 -1.0
3.69991512 3.3450910 -1.0
3.3803161  3.4792679 -1.0
2.99181262 1.8233246 -1.0
6.58247297 7.9604649 1.0
7.70539677 7.6582918 1.0
6.09576685 6.7545508 1.0
1.79426429 2.008403  -1.0
2.54847436 4.3370355 -1.0
1.60007792 2.3985874 -1.0
5.85733722 6.3487718 1.0
4.97343854 7.2024968 1.0
8.39590789 7.2230980 1.0
7.43948798 6.2215630 1.0
1.43709132 4.5365081 -1.0
2.86922602 4.2176548 -1.0
6.30744455 8.5843536 1.0
8.18602368 6.5323478 1.0
3.25856381 3.3528645 -1.0
3.49627394 3.1771054 -1.0
5.48797232 6.8968346 1.0
2.60555655 3.4537263 -1.0
5.72241341 7.6749985 1.0
3.28136295 3.5408884 -1.0
7.63982202 9.1444768 1.0
2.61668052 3.4376151 -1.0
1.14327219 2.7836917 -1.0
2.47518365 0.9723160 -1.0
6.88590398 7.3729044 1.0
6.10291375 4.1926563 1.0
1.81718272 2.5755462 -1.0
3.78296149 0.6251484 -1.0
7.60491838 6.7816949 1.0
8.66445531 6.7577116 1.0
5.18568397 3.4697229 -1.0
4.22787563 3.1516428 -1.0
8.24352486 7.8767584 1.0
2.11954214 3.7584512 -1.0
7.66071384 8.0391443 1.0
7.46089694 7.9280318 1.0
5.44185354 6.8572751 1.0
6.33366057 7.4315913 1.0
6.64297777 6.4917054 1.0
6.17159655 6.3491577 1.0
8.70778131 5.6668131 1.0
7.77281108 6.5765192 1.0
7.96445791 7.3050105 1.0
7.90174809 8.0399319 1.0
8.57631029 8.4768565 1.0
3.78143537 2.3867360 -1.0
2.84281639 3.4783559 -1.0
3.21145197 3.3079484 -1.0
3.02879909 3.8058981 -1.0
2.54919066 3.1367845 -1.0
1.99600206 3.7799917 -1.0
7.00192933 8.4507865 1.0
7.13483474 5.3001351 1.0
1.17054474 1.6671223 -1.0
5.83527653 7.4004083 1.0
2.28442191 2.2805145 -1.0
8.94997461 5.8940723 1.0
1.11772411 3.2229365 -1.0
1.25912696 3.8623085 -1.0
3.12380779 3.3123051 -1.0
3.05966657 3.0433892 -1.0
6.29612804 7.2744315 1.0
1.90862128 1.9585946 -1.0
3.45662735 3.9659423 -1.0
6.57348367 6.4728014 1.0
1.45151522 2.7804198 -1.0
3.86361638 4.2775240 -1.0
5.94060521 6.0299072 1.0
2.85234414 4.4415471 -1.0
6.46949882 7.3760910 1.0
3.88578423 0.8051208 -1.0
3.19355059 2.8595082 -1.0
5.87778862 7.3226341 1.0
2.22694126 1.6690350 -1.0
4.95570222 7.2800737 1.0
5.70774593 6.6862275 1.0
3.37696394 4.6567141 -1.0
6.85170825 5.0321634 1.0
5.0146199  7.9656993 1.0
6.65508154 5.5328119 1.0
5.67353252 6.5745537 1.0
5.51569747 7.7302085 1.0
 6.35066327 10.5291039 1.0
2.53121906 3.3485363 -1.0
3.63644107 0.8817105 -1.0
6.08450939 6.8930334 1.0
7.98333946 7.1586422 1.0
2.72893248 3.0468216 -1.0
2.80551574 2.9941167 -1.0
3.60859307 3.1528575 -1.0
2.02152764 3.6966465 -1.0
8.04368075 7.1869029 1.0
3.46550798 3.7101060 -1.0
6.87367602 7.3011170 1.0
2.71104394 2.5010745 -1.0
6.85669716 6.1248406 1.0
2.21842379 1.6892830 -1.0
2.52042858 3.2860506 -1.0
3.83172569 3.7034971 -1.0
2.486935  1.970537 -1.0
7.01541477 7.6190824 1.0
5.91381672 7.2431222 1.0
7.99822384 7.4845701 1.0
4.03675496 6.0800137 -1.0
1.60357212 2.8649024 -1.0
6.27150804 8.4004133 1.0
6.39828764 7.3349932 1.0
5.85062792 7.4363992 1.0
7.93977695 8.2953343 1.0
3.62824233 3.4194301 -1.0
6.87326457 8.7574235 1.0
9.16317065 6.2416646 1.0
3.95157026 1.4556916 -1.0
2.06600425 2.0836874 -1.0
6.17683156 6.5266034 1.0
3.0698467  4.2391148 -1.0
2.22038883 3.1214133 -1.0
2.52552204 3.0431290 -1.0
6.7046951  8.6033538 1.0
2.71873505 4.7790701 -1.0
2.06067261 2.7567421 -1.0
7.13001337 7.2636048 1.0
8.13822856 5.374012  1.0
1.25490683 3.6408473 -1.0
7.07089531 7.4374554 1.0
3.61429337 1.6213466 -1.0
3.26038183 5.4961623 -1.0
3.89882703 3.6893849 -1.0
6.66496944 6.3826207 1.0
7.83334407 7.5662184 1.0
5.84223886 8.9362872 1.0
3.05809534 3.2543897 -1.0
3.41782695 3.7918043 -1.0
5.12692308 4.8066686 1.0
3.05510445 2.6813196 -1.0
8.47841162 7.7096633 1.0
8.01618526 8.5209379 1.0
7.12237102 6.4223749 1.0
3.81027984 0.8939575 -1.0
7.15905894 5.3595850 1.0
2.6936905  3.2527696 -1.0
7.33382446 6.4614175 1.0
6.72391859 7.1736342 1.0
3.10186747 4.4546507 -1.0
3.08429721 2.8021497 -1.0
7.99885872 6.7732211 1.0
7.36668304 7.5420574 1.0
3.80857573 3.3883491 -1.0
6.97258243 5.7942352 1.0
8.4293317  7.0537995 1.0
1.04187091 5.0953067 -1.0
3.1066052  2.7299552 -1.0
2.05292208 3.8893614 -1.0
3.29409888 1.4972022 -1.0
7.59181593 6.1171744 1.0
2.63512302 3.3638673 -1.0
4.96272546 6.0059945 1.0
5.78889559 5.7584487 1.0
4.5731624  7.9935512 1.0
2.55399002 4.6938448 -1.0
2.32196306 0.6732845 -1.0
8.04632999 5.5434136 1.0
5.38997731 4.0589364 -1.0
7.55919815 7.7289319 1.0
6.76202706 6.3795100 1.0
5.32401327 7.1308371 1.0
2.50397153 3.1906000 -1.0
7.33331593 7.3127725 1.0
6.313941   7.5238944 1.0
4.64921325 6.3050481 1.0
4.81192513 3.7544398 -1.0
5.97352165 4.8690961 1.0
3.52338623 2.4869781 -1.0
7.84377168 7.3186626 1.0
6.97489083 8.2586656 1.0
2.89066033 2.7052032 -1.0
6.93988908 7.4574192 1.0
2.84829987 0.5867032 -1.0
7.28292361 6.6384134 1.0
2.92562621 1.4347526 -1.0
2.03119118 3.1929441 -1.0
2.36006683 4.2696597 -1.0
7.33660406 7.5277816 1.0
1.56742712 2.4849695 -1.0
3.36673472 2.6508006 -1.0
7.82453285 7.1174254 1.0
3.17851767 2.4772993 -1.0
6.93729845 7.7354793 1.0
6.20563012 5.8029290 1.0
8.36998616 5.9513756 1.0
5.37432276 7.3773069 1.0
2.8234464 1.349719 -1.0
6.86185931 9.0243298 1.0
2.05928955 1.0793154 -1.0
6.5402361  2.9244166 -1.0
7.63327517 6.7754001 1.0
7.53924131 7.8051199 1.0
7.04338683 5.7720080 1.0
7.0511157 6.733162 1.0
1.73589523 5.4559938 -1.0
3.24108905 3.4615790 -1.0
4.1905896  3.3297824 -1.0
2.82379082 4.4116644 -1.0
7.78308368 7.0252416 1.0
4.05493343 1.7192230 -1.0
6.4212833  7.7442015 1.0
2.73060913 1.4711575 -1.0
6.6159167  6.9536352 1.0
4.75172209 6.0024392 1.0
1.22313318 3.6662415 -1.0
5.03572003 6.1024441 1.0
6.84385266 8.4113113 1.0
6.77791348 4.9344862 1.0
2.41350293 3.7357967 -1.0
5.56634262 6.8365636 1.0
7.38422775 5.9535472 1.0
4.15029253 1.5605058 -1.0
6.27963971 5.9342105 1.0
3.57499883 2.7081578 -1.0
6.13444169 6.0592785 1.0
6.39579626 7.4989829 1.0
1.45793306 2.7992576 -1.0
7.21991775 7.8725314 1.0
6.53713419 6.2018470 1.0
4.08342226 5.6981378 -1.0
3.3916118  2.6670374 -1.0
6.90411635 5.6465440 1.0
1.71008217 3.8894854 -1.0
3.37403616 3.6901877 -1.0
7.2397044  7.9493501 1.0
3.88479477 2.9285707 -1.0
7.37685793 6.4701824 1.0
8.06906236 7.2721897 1.0
7.83326077 8.3735377 1.0
8.44737542 6.1269415 1.0
6.98830343 8.3920689 1.0
6.42419369 7.10263   1.0
4.57494019 3.1728982 -1.0
5.166818   3.5582975 -1.0
3.13803653 3.0855643 -1.0
7.09296199 7.3807225 1.0
6.44190493 5.6932481 1.0
4.08373588 1.4928948 -1.0
6.48514582 6.8747988 1.0
6.02395567 6.3558512 1.0
6.07827858 8.0998546 1.0
2.73734059 3.7396348 -1.0
5.6827175  5.4287762 1.0
7.98226149 5.1586427 1.0
6.9815439  6.6661391 1.0
5.07562849 6.9840729 1.0
5.34525513 7.2557836 1.0
2.06242671 4.3687951 -1.0
2.92447662 3.2460351 -1.0
3.59895741 2.9014385 -1.0
2.61183892 2.3744369 -1.0
6.49226513 7.6059612 1.0
7.09120945 7.0240207 1.0
1.38540595 3.2770873 -1.0
7.41450757 7.1537084 1.0
7.07437166 8.2979568 1.0
1.30602807 4.9886658 -1.0
7.72574833 7.3452166 1.0
5.08815257 1.7056833 -1.0
5.32926403 8.4332951 1.0
2.40224164 2.3133188 -1.0
7.71408347 6.4649815 1.0
3.08688268 1.4602588 -1.0
3.27009506 2.7307769 -1.0
8.20121788 7.1842856 1.0
6.06511118 7.6396554 1.0
7.30324715 6.0047856 1.0
2.9176301  2.3835750 -1.0
6.84046854 6.7174791 1.0
2.48287312 2.9316067 -1.0
8.38355963 6.4668091 1.0
6.71205022 6.4886690 1.0
3.11578578 3.6024606 -1.0
7.53805419 7.6699385 1.0
3.72291861 3.4038985 -1.0
3.48655039 4.8185347 -1.0
3.8241072 3.190264 -1.0
7.08955749 8.3744460 1.0
2.62417453 2.7712385 -1.0
7.97935093 8.4187557 1.0
7.54811491 7.1154091 1.0
7.66167843 7.3828081 1.0
5.84239307 8.6630798 1.0
2.96551961 4.9711541 -1.0
8.74095236 8.1432781 1.0
3.55141822 2.4115179 -1.0
4.37949278 2.4573720 -1.0
6.44922752 4.9974251 1.0
6.88303959 8.0612945 1.0
7.80668333 8.2196328 1.0
2.52207142 5.8404925 -1.0
9.40924517 8.2293454 1.0
4.26782279 6.6330072 1.0
3.42306412 2.2123796 -1.0
2.90769963 3.4554949 -1.0
7.05325251 7.0146693 1.0
7.15541142 5.7644900 1.0
1.43636301 2.8060190 -1.0
1.45888201 1.2779849 -1.0
2.34473057 2.1815310 -1.0
4.59086616 3.4403081 -1.0
6.62667399 7.1944525 1.0
8.49751831 8.3131827 1.0
6.45820436 6.5527677 1.0
2.98459239 1.7500250 -1.0
6.06143875 6.0639005 1.0
5.17006935 3.3596378 -1.0
8.02626283 8.8280563 1.0
5.94500142 7.2156667 1.0
4.99412027 5.6042807 1.0
3.64949994 1.3401990 -1.0
2.81484088 2.2771927 -1.0
2.85859376 3.8486035 -1.0
7.43451727 6.0958244 1.0
4.71523764 7.5925021 1.0
3.09214401 1.9054772 -1.0
1.68026749 0.8844521 -1.0
3.17124016 3.7258979 -1.0
6.57781245 6.6539389 1.0
3.99127465 2.0259552 -1.0
8.08675867 6.5850927 1.0
2.47697502 4.2598887 -1.0
1.82390673 2.9082390 -1.0
1.927242  4.538995 -1.0
5.01475356 6.0352949 1.0
3.6730539 3.301766 -1.0
3.27193599 4.4559615 -1.0
7.67865589 6.2481608 1.0
7.17991143 8.3878565 1.0
1.06966308 4.4431471 -1.0
6.65557891 6.9460119 1.0
6.92962655 6.4741149 1.0
8.473511   5.3378192 1.0
6.85996194 5.7694314 1.0
7.65928032 6.7840146 1.0
3.77172512 3.1600429 -1.0
3.18241941 4.1559329 -1.0
4.24957073 1.2986578 -1.0
8.81693018 8.7764289 1.0
4.08042691 3.9226576 -1.0
2.53132754 3.3692787 -1.0
5.70578517 6.8145782 1.0
2.70835315 3.5629027 -1.0
7.54811152 6.4979761 1.0
6.50209089 7.0289962 1.0
7.79461418 6.9952397 1.0
8.15588433 7.5121100 1.0
6.93652514 5.3999635 1.0
7.26260908 8.1083538 1.0
7.89000096 7.3132213 1.0
3.97733125 4.1304819 -1.0
6.65388345 7.4458573 1.0
2.47003089 3.0815869 -1.0
8.01585991 6.5549104 1.0
7.72547752 7.5189211 1.0
3.35223337 5.7538842 -1.0
3.13265599 1.5939899 -1.0
7.00210381 5.9829704 1.0
6.67292775 6.6836283 1.0
2.34973657 3.7729114 -1.0
5.78854526 7.4895730 1.0
8.46951258 6.5766590 1.0
4.40722616 4.0810760 -1.0
2.82876689 3.1956774 -1.0
1.5170442  4.2016474 -1.0
2.17736733 1.4766634 -1.0
3.83333657 3.5565251 -1.0
2.33541442 1.3780545 -1.0
2.69411998 3.7751029 -1.0
7.27671608 6.7947534 1.0
3.04329573 3.8023254 -1.0
7.02016818 6.5610513 1.0
7.22937654 6.2740498 1.0
7.17983077 8.2058686 1.0
8.02786944 6.5326336 1.0
8.08775913 7.3170810 1.0
1.45662267 2.5009419 -1.0
6.15262837 6.3567674 1.0
2.80274075 1.6328264 -1.0
7.40077553 6.4949979 1.0
3.39748283 2.9686620 -1.0
7.39912034 7.7417015 1.0
7.93018924 7.1718236 1.0
5.42414204 3.4308679 -1.0
6.92239126 7.2708176 1.0
3.35330577 5.0936474 -1.0
2.79459467 1.5707793 -1.0
6.64127747 6.8369289 1.0
8.65288735 7.4331323 1.0
8.59582713 7.7772742 1.0
2.8205567  3.0647604 -1.0
7.09664649 6.0988684 1.0
1.85744592 2.4348006 -1.0
7.11423721 7.4952923 1.0
4.78793712 4.7125767 -1.0
6.93903282 6.9846935 1.0
3.29240757 1.8424195 -1.0
7.25835811 7.7305754 1.0
4.12745598 2.9007843 -1.0
7.00021544 6.9714733 1.0
2.00273346 2.4533763 -1.0
8.26476584 5.3767265 1.0
0.5844393  1.0608042 -1.0
3.55041325 4.5154190 -1.0
0.35510312 2.0747401 -1.0
9.19179206 8.4338355 1.0
6.83668992 7.7022297 1.0
8.78768313 8.0839955 1.0
2.97304809 4.8890126 -1.0
6.47801036 6.5010998 1.0
6.96279857 6.9109319 1.0
5.82836097 7.0748209 1.0
2.00002759 2.6866811 -1.0
4.67892241 2.2188224 -1.0
4.12530909 3.2838989 -1.0
6.46705452 6.9105126 1.0
6.35721791 6.2235814 1.0
2.37570649 4.3801662 -1.0
3.08150281 2.5053118 -1.0
1.91653729 3.5222050 -1.0
4.10022074 3.0263715 -1.0
1.67581709 2.1851070 -1.0
2.86992337 1.9404415 -1.0
7.06061919 7.8693327 1.0
2.9059781  3.4860638 -1.0
4.65069593 2.3145064 -1.0
3.23584674 2.3425051 -1.0
4.36864982 3.3663112 -1.0
8.43503522 7.2566266 1.0
7.93547534 6.4938596 1.0
6.78627051 7.8823458 1.0
5.96688031 7.6433301 1.0
5.03375775 3.5423425 -1.0
2.79200914 2.5185722 -1.0
4.15198558 3.4969627 -1.0
6.52864757 7.413293  1.0
3.20231293 4.5055941 -1.0
5.97625113 8.4955687 1.0
3.14205319 3.0464647 -1.0
2.73532856 5.2189839 -1.0
5.76841216 9.9670439 1.0
7.92644058 8.5541395 1.0
6.66234249 7.9535730 1.0
2.81271663 2.0314369 -1.0
6.28107011 6.9360378 1.0
3.10650416 3.0473747 -1.0
7.6923307  6.2769689 1.0
6.38009894 5.1900719 1.0
8.07302253 6.5867549 1.0
5.37218291 4.5506664 -1.0
7.7547687  7.7175181 1.0
8.4385597  8.0315838 1.0
7.35950777 7.7611874 1.0
2.24591742 3.7113369 -1.0
2.1286268 4.159832 -1.0
7.87472467 8.6035929 1.0
2.35407111 3.0034465 -1.0
2.98385902 3.6674107 -1.0
2.08061061 1.1921377 -1.0
5.06662863 2.3274561 -1.0
2.64425793 3.2910222 -1.0
0.63314306 4.1212148 -1.0
6.85415592 6.8128793 1.0
4.53530729 2.4890546 -1.0
5.61205408 3.5759057 -1.0
8.1923512  6.5830317 1.0
6.05624883 9.5923906 1.0
7.48681865 5.5232469 1.0
4.03178931 2.3190625 -1.0
8.20101571 5.6835290 1.0
0.03014971 4.9992305 -1.0
6.32990308 8.2172316 1.0
1.31816388 2.4594142 -1.0
7.25768191 7.6044117 1.0
3.36263614 3.3198071 -1.0
7.84162478 7.2297053 1.0
2.48524763 2.8536873 -1.0
4.34886573 2.9962263 -1.0
7.71941973 7.9074268 1.0
4.22390632 3.0738377 -1.0
1.89616337 4.2345090 -1.0
7.7733178  6.5019413 1.0
7.51472496 8.1426368 1.0
7.91332929 6.1208081 1.0
3.66768339 3.1101410 -1.0
6.64549897 5.5420764 1.0
3.56706446 4.0217274 -1.0
1.75852204 2.7882637 -1.0
0.51235832 3.8860034 -1.0
7.26852053 5.6545333 1.0
7.15551724 7.7363547 1.0
7.26736368 6.9705325 1.0
4.00027837 2.9767795 -1.0
3.81192587 3.8834504 -1.0
7.73456492 8.1859681 1.0
2.12225918 3.3434777 -1.0
3.17344225 3.4440625 -1.0
8.44221255 6.7695590 1.0
8.42114329 5.2988229 1.0
1.64942649 3.7623827 -1.0
3.81174395 2.3569733 -1.0
4.30496201 2.6604407 -1.0
6.95238648 6.9402812 1.0
2.37819477 1.4387387 -1.0
3.15948632 1.6471770 -1.0
4.7666766  2.1013148 -1.0
5.77296955 7.2996071 1.0
7.19124462 5.9381284 1.0
6.35714492 6.4104004 1.0
6.30729082 6.4533571 1.0
1.18335899 2.7513321 -1.0
3.37514411 2.5269531 -1.0
2.45235589 1.7931290 -1.0
7.12908612 7.0828593 1.0
4.81566212 7.5308334 1.0
7.05165299 7.4252107 1.0
8.38613399 7.4796204 1.0
6.0410323  6.3496115 1.0
7.16307535 6.2714610 1.0
6.73575154 7.6054274 1.0
4.53488126 2.8809488 -1.0
9.25795805 6.7353519 1.0
7.3626429  7.1859308 1.0
6.85489759 7.1670596 1.0
2.57425957 3.1357707 -1.0
7.36176795 7.1720003 1.0
7.34911052 6.4668221 1.0
6.50041509 7.2536660 1.0
6.4397218  5.7270372 1.0
4.11904288 0.7519848 -1.0
7.78842262 5.7371600 1.0
4.17276354 3.3270307 -1.0
2.32329086 4.7636630 -1.0
7.73276169 6.7754150 1.0
3.4864634  2.4760589 -1.0
7.83333316 8.3116942 1.0
6.60337702 6.6307485 1.0
5.10416345 4.0648435 -1.0
4.04167783 3.0963091 -1.0
7.9899493  6.5361865 1.0
6.82338365 6.9129309 1.0
2.92755085 2.9342027 -1.0
1.63007286 1.1245256 -1.0
6.80459691 6.5580929 1.0
2.77507185 3.2570127 -1.0
4.16683145 4.0794988 -1.0
3.02832235 3.4147309 -1.0
7.51200567 8.0062264 1.0
6.70962773 6.3161306 1.0
3.96969703 4.4667144 -1.0
8.41701546 7.3296177 1.0
6.7526137  6.6569959 1.0
8.94447468 6.2502351 1.0
3.57110382 1.9989176 -1.0
5.03264482 3.6515732 -1.0
1.95079652 1.8831142 -1.0
3.52176082 2.6601857 -1.0
6.30851858 7.4104992 1.0
2.38453715 2.4603785 -1.0
7.33419723 7.6324338 1.0
4.08120517 1.3917690 -1.0
3.43918971 2.7065259 -1.0
2.10657454 3.9090094 -1.0
2.89140075 2.8696941 -1.0
3.18232463 1.3446255 -1.0
3.54757595 1.7214399 -1.0
8.66560415 6.2171089 1.0
3.30152929 2.7495620 -1.0
3.06386617 2.6216961 -1.0
7.410291   6.2475441 1.0
5.8539831  8.5677165 1.0
5.24466322 2.7060372 -1.0
2.70991275 2.7408318 -1.0
4.67643904 2.0324174 -1.0
3.14909171 2.5043249 -1.0
2.21621509 2.6203880 -1.0
3.02266323 1.1502321 -1.0
3.09573255 2.1496602 -1.0
2.20108776 2.6027393 -1.0
7.00521158 8.1450289 1.0
7.31861291 7.4987530 1.0
4.58283845 5.3953306 -1.0
8.35670747 6.8149959 1.0
8.47253463 5.8518235 1.0
4.62294228 3.2261325 -1.0
2.59208058 2.0703351 -1.0
3.09371675 1.6025502 -1.0
3.42047178 2.9821024 -1.0
5.41396364 7.1771623 1.0
3.41208064 2.1034892 -1.0
6.6645675  7.9366555 1.0
7.41105707 7.2576474 1.0
7.30703679 8.5572685 1.0
5.6300196  6.9450309 1.0
8.53270095 7.3724601 1.0
5.79567348 5.8747621 1.0
7.06165133 7.2164393 1.0
2.10869105 2.9004352 -1.0
8.32250499 8.9114112 1.0
6.64091859 8.0413452 1.0
6.3391276  7.1226708 1.0
3.3807107  2.7451588 -1.0
6.86465604 7.4217303 1.0
2.1548449  2.9794366 -1.0
5.62495726 7.6803010 1.0
3.32119233 3.0351357 -1.0
6.70178761 6.7051554 1.0
3.87086891 3.977918  -1.0
3.31830186 3.8452941 -1.0
4.11863016 2.9799563 -1.0
7.50415084 8.2567322 1.0
2.31961061 2.4249941 -1.0
3.00746046 1.4116398 -1.0
7.48312074 6.9718831 1.0
5.62240366 5.2064715 1.0
7.18031288 7.2350629 1.0
5.53946932 6.7780961 1.0
6.56702033 7.2821284 1.0
4.22618268 3.9184438 -1.0
6.78481376 8.6950667 1.0
5.38995698 5.8509433 1.0
2.52719956 3.3663579 -1.0
1.44129432 3.0009000 -1.0
2.86356739 2.3906712 -1.0
6.09571211 7.3076072 1.0
6.38177004 8.8828626 1.0
2.41144081 2.0324032 -1.0
9.86200741 5.8173966 1.0
2.84489746 3.0861720 -1.0
2.45396231 4.2145587 -1.0
6.38273525 6.5352034 1.0
1.3496758  3.0508599 -1.0
4.35970913 2.8866758 -1.0
3.80804717 3.6199218 -1.0
2.20640641 4.3371571 -1.0
7.915867  5.774019 1.0
2.31337245 2.8979879 -1.0
6.46435468 7.4484460 1.0
1.43623254 3.3031899 -1.0
7.04197545 6.3514405 1.0
2.32329325 3.8877924 -1.0
3.84371892 2.4055197 -1.0
6.52981044 5.7849017 1.0
7.0167563  6.9824120 1.0
6.35550688 6.4868062 1.0
3.8351699  4.1248010 -1.0
6.47152204 7.3882006 1.0
3.38633095 3.3618234 -1.0
3.43313928 1.4095439 -1.0
6.92766579 5.9328316 1.0
2.95598376 2.9608274 -1.0
5.37523985 5.4280072 -1.0
1.90316956 1.4590321 -1.0
3.12406366 3.1953603 -1.0
5.19473744 2.2552199 -1.0
3.38653087 3.8064146 -1.0
3.16499511 2.2725458 -1.0
3.09466612 2.6117829 -1.0
3.20050928 2.5759621 -1.0
6.9925566  9.2908206 1.0
2.94407601 3.8831755 -1.0
8.06121086 5.5522328 1.0
5.69006128 7.1300903 1.0
5.77340802 6.3165193 1.0
5.45488326 6.7791383 1.0
6.72976265 7.3042361 1.0
5.00829686 3.2374482 -1.0
0.87571606 3.4489018 -1.0
2.86329196 4.6929414 -1.0
2.83917087 3.0558662 -1.0
2.85313309 3.1354836 -1.0
3.19014379 1.9540569 -1.0
4.19658621 2.6373613 -1.0
2.65957542 1.8466028 -1.0
2.75428522 2.7736915 -1.0
4.53505368 1.5292020 -1.0
8.7584905  4.8313481 1.0
6.70264661 8.1573868 1.0
3.8875648  3.1205667 -1.0
4.97047266 3.9859541 -1.0
6.47256009 7.7406703 1.0
6.53915564 6.2411330 1.0
3.29610808 2.8952608 -1.0
3.48106825 4.4110213 -1.0
7.86836995 7.2891867 1.0
6.32041824 7.8574427 1.0
1.73765826 3.9524622 -1.0
3.78786785 3.6828014 -1.0
7.81059998 6.8671141 1.0
5.4214113  6.6935130 1.0
9.35016176 8.1215396 1.0
7.87659239 6.4516050 1.0
6.76407624 5.9856532 1.0
2.6910425  5.2861849 -1.0
6.22924784 5.9250494 1.0
2.09260053 1.7391404 -1.0
1.44207247 1.2669304 -1.0
1.51258375 4.0376431 -1.0
2.92734067 2.2219214 -1.0
3.11775986 4.0765063 -1.0
8.69371082 8.6434833 1.0
5.99897159 7.0927978 1.0
5.79528448 8.3608989 1.0
7.54277501 5.9474303 1.0
3.32599621 4.5497518 -1.0
6.87317644 7.5050450 1.0
6.80413419 6.3262285 1.0
3.02422354 3.3041479 -1.0
2.68841548 3.4153484 -1.0
4.05467334 3.2581911 -1.0
3.18482797 2.6273299 -1.0
4.71033567 2.8773011 -1.0
1.98875049 3.1626830 -1.0
3.30219041 4.0671766 -1.0
3.31426321 4.0087618 -1.0
3.88981498 1.8563699 -1.0
7.07864526 6.6071601 1.0
6.00174379 7.4603687 1.0
7.53966205 8.8150692 1.0
3.94238828 4.6920244 -1.0
6.41478643 6.9770120 1.0
2.51110821 4.2249346 -1.0
7.21952695 7.4618346 1.0
3.43569787 3.2979209 -1.0
3.05187676 2.3733918 -1.0
6.90964889 7.4680946 1.0
4.17290101 0.9229148 -1.0
8.12699225 7.2063983 1.0
2.37680978 1.5079014 -1.0
7.06226994 6.5361243 1.0
3.5091894 2.493293 -1.0
6.76989164 6.7147451 1.0
3.89933632 2.9216649 -1.0
2.15467596 1.0868281 -1.0
8.08468335 6.9234879 1.0
6.71472519 8.1434899 1.0
5.67780731 8.1400682 1.0
7.4295597  7.5371231 1.0
7.93077155 8.4433308 1.0
6.30964062 9.1654836 1.0
4.15668621 3.7347418 -1.0
4.31544581 3.3568466 -1.0
7.23032221 7.4523949 1.0
7.10794978 6.3699621 1.0
3.77680794 4.0902691 -1.0
4.99218485 3.6542344 -1.0
7.93044305 6.1847489 1.0
1.96891594 3.5193352 -1.0
6.69635488 7.9014857 1.0
3.70071859 3.0356538 -1.0
3.03588008 1.3300616 -1.0
3.09434762 3.3910946 -1.0
5.39600562 2.7835737 -1.0
4.71979857 3.0352856 -1.0
6.66324456 8.5367197 1.0
6.17388988 8.1635557 1.0
2.51869383 1.7257516 -1.0
7.72434992 4.5192175 1.0
6.94616668 5.9933211 1.0
8.35144214 6.2782927 1.0
7.1310224  7.5066107 1.0
5.94265614 5.7899368 1.0
3.86499087 3.2376767 -1.0
3.72832042 2.4881336 -1.0
0.85409925 1.9824373 -1.0
7.62503792 6.7831007 1.0
8.70408462 7.1680915 1.0
3.32555919 5.0521933 -1.0
3.27566878 3.6507281 -1.0
4.64369133 2.8726320 -1.0
4.42358602 1.7741962 -1.0
7.25720343 6.3015437 1.0
6.81251466 8.6472905 1.0
8.88493461 4.8558633 1.0
2.85724521 2.2870213 -1.0
3.47485836 2.5307708 -1.0
2.78713385 3.3328959 -1.0
8.26865361 6.7198857 1.0
4.13065586 5.1687753 -1.0
3.36874728 3.4423495 -1.0
2.36935108 3.0741631 -1.0
7.97741888 7.3197207 1.0
3.26528477 1.2747007 -1.0
7.92863085 5.3685472 1.0
0.74038398 2.8752798 -1.0
2.94803217 3.4679809 -1.0
6.73590809 4.3493763 1.0
3.1348216  3.1350848 -1.0
3.73493863 2.6620711 -1.0
2.14692599 2.3780483 -1.0
7.06958336 6.6185695 1.0
7.14252121 7.3996589 1.0
2.5769692  2.3472898 -1.0
3.61847055 2.0444213 -1.0
4.03910307 3.4740072 -1.0
6.61486847 5.1805880 1.0
6.15642647 7.2839578 1.0
2.61877521 2.0337827 -1.0
4.23746385 3.2677373 -1.0
7.25497919 6.3303002 1.0
2.40026743 2.1009417 -1.0
1.49286945 3.4204816 -1.0
3.36167524 3.4596236 -1.0
3.14490014 3.9234059 -1.0
1.89970527 2.0387531 -1.0
5.36669671 9.0200515 1.0
6.09987462 8.715682  1.0
2.40513978 5.1174226 -1.0
1.44932498 2.9573151 -1.0
7.09781186 7.5331491 1.0
5.43140199 7.7930249 1.0
7.23078688 7.5163531 1.0
7.32260207 9.2534626 1.0
3.52726318 2.9390365 -1.0
7.78710832 6.6801937 1.0
8.64698661 8.1742117 1.0
8.89727615 8.7579296 1.0
3.32650145 1.5730429 -1.0
3.07330391 3.8444312 -1.0
6.77724882 6.6989882 1.0
6.75749703 8.6200249 1.0
7.41473679 7.7121184 1.0
4.18019639 2.7803883 -1.0
2.10272152 3.0244636 -1.0
3.20717991 3.4821561 -1.0
5.24648457 5.0185254 -1.0
2.26649065 1.6437049 -1.0
2.56643838 3.4995116 -1.0
4.08453482 3.8492338 -1.0
3.60299343 3.5109028 -1.0
2.70383029 3.2447517 -1.0
4.60269221 5.9782535 1.0
3.63461889 1.0320492 -1.0
6.58135677 7.4189156 1.0
7.46208488 7.7412474 1.0
1.41071376 1.7458345 -1.0
2.16249934 0.5824351 -1.0
2.0626782  2.5825232 -1.0
3.1372768  2.7598575 -1.0
2.94754176 3.2003673 -1.0
6.46082294 7.3325755 1.0
6.15672089 7.1777283 1.0
0.2708072  2.8739866 -1.0
6.51826564 5.9465293 1.0
4.12335365 4.6379665 -1.0
5.78665141 7.2669668 1.0
6.88097117 6.3898254 1.0
2.87459851 3.8900290 -1.0
4.04026568 3.4167466 -1.0
7.41948522 7.9294606 1.0
2.99491344 3.634582  -1.0
3.31469624 3.6287824 -1.0
1.35902112 2.9002784 -1.0
2.91829857 4.6385346 -1.0
7.21314721 6.4984053 1.0
6.95584964 5.2707648 1.0
7.74223874 6.2930369 1.0
6.91228646 7.7803478 1.0
8.27600224 8.3460837 1.0
1.33534342 4.1649949 -1.0
5.81912618 6.6240731 1.0
5.04449781 7.6445068 1.0
7.66069793 6.4179559 1.0
2.58614351 3.2091816 -1.0
7.37127234 6.1406755 1.0
 7.77327407 10.5366712 1.0
2.47525397 3.0796620 -1.0
6.64581484 6.6279458 1.0
2.94057347 2.9684393 -1.0
0.91313357 5.2275343 -1.0
2.87312177 2.2622069 -1.0
2.50960599 2.2674992 -1.0
3.78854401 1.7203880 -1.0
5.50228492 6.8346259 1.0
5.66549851 7.4253797 1.0
6.78300748 8.5253072 1.0
3.6098604 3.281468 -1.0
1.57061677 4.8471070 -1.0
8.1514522  6.4733662 1.0
6.25442834 7.8981202 1.0
1.88371133 2.3783699 -1.0
6.94999813 7.0860615 1.0
7.06084928 6.7587614 1.0
4.17888938 2.5624657 -1.0
4.94775346 5.6107257 1.0
8.20788217 6.0913704 1.0
7.17980405 7.9698031 1.0
2.21857856 2.1493162 -1.0
2.39825046 3.8650287 -1.0
3.49642572 1.7526783 -1.0
2.91011069 3.3519798 -1.0
2.76977125 0.9424941 -1.0
2.32672067 1.9697227 -1.0
2.91952704 2.2566215 -1.0
2.48501446 2.7972813 -1.0
7.79020091 8.3673984 1.0
7.10501517 6.5272237 1.0
7.57145002 6.7818922 1.0
7.99741322 6.2797480 1.0
2.89428037 3.3282080 -1.0
2.97308454 2.8272669 -1.0
5.70925699 5.1866216 1.0
0.62536856 2.5295154 -1.0
3.22826605 2.2064510 -1.0
6.95640892 7.4348370 1.0
3.43244006 2.7067701 -1.0
3.00543027 2.5482409 -1.0
8.89319641 6.4954292 1.0
7.72591349 8.1055060 1.0
8.09389417 7.7121941 1.0
6.50301931 5.5380521 1.0
4.50534347 2.3184145 -1.0
3.76460324 2.4111222 -1.0
4.55306782 2.5138749 -1.0
7.92141356 8.2954869 1.0
6.47361187 6.5190854 1.0
3.31068138 2.1066392 -1.0
6.14477578 8.2961916 1.0
6.27432305 5.0960689 1.0
3.95718645 1.4293646 -1.0
2.5754577 3.988231 -1.0
1.31090594 2.3480302 -1.0
3.62736442 3.3278971 -1.0
6.87943433 8.0914251 1.0
7.18984372 6.6526388 1.0
3.69055646 2.1646705 -1.0
6.20555436 5.3494170 1.0
0.35161237 1.0305379 -1.0
6.42753801 6.6762156 1.0
3.2629132  2.4668384 -1.0
7.52986485 5.8723368 1.0
9.30487173 7.2813099 1.0
3.00676648 3.3643520 -1.0
6.75257318 6.5503358 1.0
6.17258461 6.7751074 1.0
6.896484   5.7067131 1.0
3.10364165 2.5166664 -1.0
7.17419545 8.1307300 1.0
1.28280686 1.4073908 -1.0
2.61650102 3.0990028 -1.0
7.16879038 6.0548647 1.0
4.588631   3.7675005 -1.0
2.94513904 2.8313296 -1.0
7.42200985 7.5358572 1.0
6.52224672 5.6178353 1.0
3.05713269 1.4225055 -1.0
3.11899665 3.1026182 -1.0
2.61278985 3.5607073 -1.0
6.71302953 7.8983618 1.0
1.7489016  2.8997599 -1.0
5.86718166 3.3755970 -1.0
4.89726484 6.0766836 1.0
6.61157322 6.9117793 1.0
6.84733205 7.1156582 1.0
2.13379379 3.2534609 -1.0
1.79168766 2.7166055 -1.0
3.93842782 4.7423977 -1.0
7.78144238 5.8567670 1.0
7.98206538 6.4059855 1.0
7.36305688 6.4254974 1.0
2.28211506 2.1948849 -1.0
6.5756531  5.8526026 1.0
2.64292462 4.3816074 -1.0
4.1319757  8.9458216 1.0
3.02802214 3.8832815 -1.0
7.61443677 6.1478235 1.0
6.56305271 6.7591858 1.0
6.26661908 6.7427659 1.0
6.99746953 7.4686570 1.0
4.63188799 3.5444374 -1.0
6.462117  8.161244 1.0
5.37319565 8.2776304 1.0
7.42603678 6.8040406 1.0
4.21652844 2.2467855 -1.0
2.76943088 1.8055989 -1.0
6.57395099 7.8795627 1.0
0.87933284 3.3556127 -1.0
2.08806478 3.6045752 -1.0
7.2486668 7.817394 1.0
0.52872992 3.2353986 -1.0
6.6969926  5.5509202 1.0
6.67524447 6.7564742 1.0
3.78546354 3.2339094 -1.0
6.68896997 6.6118453 1.0
2.23548882 1.3503517 -1.0
3.1982484  4.0393521 -1.0
6.14490474 7.8512141 1.0
5.29010877 8.4598317 1.0
3.47162042 4.2226569 -1.0
6.26026187 8.5549129 1.0
4.34398673 1.8487919 -1.0
2.73790772 2.6730215 -1.0
4.51641843 3.0874221 -1.0
4.0955795  3.7128808 -1.0
2.78169051 2.1472618 -1.0
3.85354864 3.1721904 -1.0
9.17810634 6.5967083 1.0
0.65111652 2.1510617 -1.0
3.83995427 1.1962253 -1.0
1.81383553 4.4428538 -1.0
2.72642814 4.2078299 -1.0
2.87334884 1.1626814 -1.0
7.44033678 6.4100850 1.0
3.82339234 4.2153688 -1.0
3.86653111 5.0746540 -1.0
7.45688125 8.9426337 1.0
9.10563613 8.1014225 1.0
5.84395787 7.1562023 1.0
4.28285272 1.5409691 -1.0
6.24814401 7.7188394 1.0
5.65751962 7.6064985 1.0
3.0093591  1.5718675 -1.0
3.15366753 2.3039241 -1.0
6.4945682  6.1092958 1.0
7.60998016 8.2380670 1.0
1.69052237 3.6044365 -1.0
6.89249027 5.4499835 1.0
7.04634844 8.5092533 1.0
5.50112043 6.4489415 1.0
6.06107769 6.8690599 1.0
2.96233442 4.2373663 -1.0
6.16287058 6.1874817 1.0
7.09915163 6.9628040 1.0
4.05475865 4.0278358 -1.0
1.10240658 3.5753343 -1.0
7.08776124 6.8957025 1.0
2.43790353 4.4190107 -1.0
6.66638961 7.0612090 1.0
5.98515583 9.6942907 1.0
7.43518498 7.6640041 1.0
2.66473414 3.2807648 -1.0
2.0703379  2.5575121 -1.0
5.5424262  2.0705629 -1.0
4.15177502 1.6478386 -1.0
6.91996815 8.7543688 1.0
4.55039724 5.8035540 1.0
4.02259195 4.9279591 -1.0
5.64050239 7.2010309 1.0
7.40484129 7.0066398 1.0
7.89645909 6.7895361 1.0
2.75432491 4.0474230 -1.0
6.46353463 7.7270767 1.0
2.77493412 3.1925569 -1.0
2.28032625 2.3989941 -1.0
4.01986622 4.0653908 -1.0
6.87815671 5.7145581 1.0
3.62611824 2.1384794 -1.0
4.10453723 4.2765878 -1.0
4.83735302 3.5586245 -1.0
2.75970667 3.0812249 -1.0
8.66060805 7.6708390 1.0
6.99314308 6.3795434 1.0
8.70599226 7.8245468 1.0
3.70719186 1.4428058 -1.0
7.12377207 6.6857493 1.0
3.1910732  2.2055688 -1.0
2.74847823 3.9683187 -1.0
9.71962239 7.5128666 1.0
7.89399619 6.4789656 1.0
3.0096286  4.4433592 -1.0
7.07842756 7.7498395 1.0
7.76164302 6.74714   1.0
5.66055135 6.3219642 1.0
5.03483508 2.5488892 -1.0
6.17301784 6.9723300 1.0
6.00165768 7.0919823 1.0
6.68397921 7.4725219 1.0
6.88275953 7.9295191 1.0
2.84519904 3.3660554 -1.0
4.24715112 2.7144926 -1.0
6.77470355 4.6803749 1.0
6.36449055 7.9284843 1.0
1.43107964 2.1864376 -1.0
7.60850632 5.4595552 1.0
2.77734579 2.7732618 -1.0
5.87398911 7.8333204 1.0
6.33925566 5.9838243 1.0
0.5119919  2.6764854 -1.0
5.2184421  7.2797767 1.0
6.78695884 6.0981098 1.0
7.88565335 7.0037585 1.0
2.02797818 3.7597738 -1.0
7.92708585 7.9111252 1.0
8.12816989 7.7184207 1.0
6.83242417 8.2267232 1.0
7.25503215 6.2643394 1.0
2.4355417 3.861822 -1.0
6.88417771 7.6861161 1.0
5.21624187 9.4177037 1.0
9.50685344 5.9956251 1.0
7.73199537 8.4398283 1.0
3.13759876 2.8601220 -1.0
3.09621664 2.7356721 -1.0
3.0373261  2.7675610 -1.0
7.39967964 6.9458814 1.0
8.75716376 5.5900404 1.0
8.06042116 5.4169627 1.0
3.6134772  3.0989962 -1.0
3.68245914 4.0976794 -1.0
4.39590639 7.2242082 1.0
4.32954094 2.7566008 -1.0
3.59242426 3.1347534 -1.0
3.09059568 1.2296367 -1.0
5.98251388 6.9119739 1.0
6.41972138 9.1160106 1.0
7.92159987 6.2087165 1.0
2.85862783 3.2157753 -1.0
7.78571371 5.7165239 1.0
2.19379613 1.8190130 -1.0
7.24220482 7.4223927 1.0
5.78865276 7.1525267 1.0
7.38742342 6.3516623 1.0
3.90065253 3.9760253 -1.0
2.92324403 2.4260194 -1.0
1.61504334 3.2239913 -1.0
2.37185246 2.2299153 -1.0
2.41803923 3.6685988 -1.0
2.54131426 4.3104375 -1.0
8.10093344 5.2384305 1.0
1.85427253 3.0226869 -1.0
6.03732376 6.1063751 1.0
6.41067046 7.4078954 1.0
2.78954389 5.4254746 -1.0
7.54296805 6.5239166 1.0
8.07508298 6.1126382 1.0
6.76740814 7.1471945 1.0
6.60414908 8.0122742 1.0
2.21078303 2.2980363 -1.0
2.68903357 2.4401171 -1.0
7.57923939 6.6612680 1.0
5.12371666 6.721099  1.0
7.23083882 7.4677794 1.0
5.65097177 7.3851972 1.0
4.51197579 3.5001627 -1.0
3.09350471 2.3329678 -1.0
7.06884326 6.1980143 1.0
1.67495668 1.9688110 -1.0
7.37623257 6.7174767 1.0
2.23287107 3.5371494 -1.0
2.41200315 3.0135526 -1.0
3.20078939 5.6056871 -1.0
6.74362941 6.4113956 1.0
7.13952106 6.8247134 1.0
4.71673995 8.1360919 1.0
5.84062888 5.9911947 1.0
2.49138382 2.4731206 -1.0
5.01481702 2.1785327 -1.0
7.84627202 7.1503206 1.0
8.9910192  7.3870649 1.0
1.75103676 2.6352414 -1.0
3.02348146 3.4912733 -1.0
3.74334138 5.1582361 -1.0
2.14837029 1.3731692 -1.0
2.72166605 2.6793912 -1.0
6.63301935 5.5822491 1.0
2.92821439 1.7106432 -1.0
7.43610303 8.1363781 1.0
3.3086264  1.7092776 -1.0
7.30228937 7.1057403 1.0
8.23451558 5.9322120 1.0
4.95291415 8.6520348 1.0
7.6530871  7.4328911 1.0
3.60845109 2.6172415 -1.0
7.98952276 6.5505571 1.0
6.36523903 7.6622444 1.0
6.82165964 6.6631893 1.0
9.75509009 6.8031114 1.0
6.65313337 7.1236973 1.0
3.78055258 4.1125907 -1.0
5.91222653 6.2694126 1.0
1.71895234 3.4291481 -1.0
5.68768283 8.2219306 1.0
6.53245753 7.1231941 1.0
6.19998539 7.9021974 1.0
3.40382936 3.7600953 -1.0
5.24863575 6.9458125 1.0
2.90663561 0.3744527 -1.0
5.47314112 6.0775073 1.0
5.54413761 7.239864  1.0
3.12637551 3.2786453 -1.0
1.84337672 4.8070120 -1.0
5.27285827 6.1606275 1.0
7.88992178 7.3770626 1.0
3.70146287 2.8149721 -1.0
3.59589893 4.8405971 -1.0
4.12598899 3.0749673 -1.0
5.06632962 6.8422049 1.0
8.07840797 6.0730432 1.0
5.50931089 7.4662019 1.0
6.30560542 6.451121  1.0
8.37879363 8.2035385 1.0
6.50850917 7.2752732 1.0
8.16458783 8.6152267 1.0
3.32881182 1.8500726 -1.0
2.6341918  1.5754489 -1.0
3.02506737 3.3860042 -1.0
3.26699478 3.4728138 -1.0
3.25253609 3.9453687 -1.0
8.86971793 7.0639372 1.0
2.67940597 2.7242321 -1.0
6.22111969 8.5984780 1.0
4.01667981 1.3396183 -1.0
8.51333782 6.0666590 1.0
6.53946291 7.0068325 1.0
6.11332108 6.289617  1.0
4.10685474 3.1804620 -1.0
3.11752571 2.9418821 -1.0
3.95871301 2.5856225 -1.0
2.56630446 3.9886624 -1.0
5.43169199 6.4694272 1.0
1.34814847 3.3040922 -1.0
1.33005482 1.9658218 -1.0
7.3689086  6.7526708 1.0
8.75691978 8.0794772 1.0
5.91616803 7.6718687 1.0
3.8616649  2.4156742 -1.0
9.1467777  7.8418520 1.0
2.02121511 4.1071366 -1.0
3.26725704 1.6498742 -1.0
7.01403138 7.4436346 1.0
2.35235432 5.4786263 -1.0
6.13130763 7.8617693 1.0
5.44309499 5.2400915 1.0
6.90255864 6.5215212 1.0
8.0670572  6.8152870 1.0
