6.76218814 7.212152  1.0
4.17854263 4.5735191 -1.0
6.78025212 7.5030521 1.0
4.01621341 1.8879364 -1.0
4.19622691 0.9854065 -1.0
4.86800164 7.0592652 1.0
7.21463329 6.5413796 1.0
5.62474865 6.6212958 1.0
1.33513919 2.4125981 -1.0
2.60504226 1.8300180 -1.0
7.28154371 8.4154036 1.0
6.81703473 6.9017495 1.0
2.42632395 3.9299855 -1.0
3.08248126 3.8267986 -1.0
5.89828294 5.3486296 1.0
2.76068466 3.6785994 -1.0
9.03811264 5.1237378 1.0
5.85648358 6.8732959 1.0
7.59923821 7.2209953 1.0
8.27527461 5.6825249 1.0
3.54986423 3.4344948 -1.0
6.95705825 8.1512279 1.0
6.54217883 6.5228396 1.0
2.38278547 2.4519268 -1.0
7.4256189  4.5671083 1.0
7.2999005  7.3751136 1.0
2.26959113 1.6062088 -1.0
6.98030018 8.6083701 1.0
7.01355579 6.3462416 1.0
7.13316836 5.6697260 1.0
8.38404855 7.5838812 1.0
2.31066322 3.5835388 -1.0
3.86268651 1.8867795 -1.0
3.28950427 1.8141764 -1.0
6.69966392 4.4274042 1.0
7.67313621 6.0636876 1.0
7.00272482 6.4750009 1.0
6.67020908 7.7444426 1.0
3.41275912 3.7646775 -1.0
3.2077047 1.651748 -1.0
2.53237381 4.0710613 -1.0
7.99389557 6.6477350 1.0
6.56144437 7.9133208 1.0
2.08229388 2.7268700 -1.0
7.45617328 6.7011582 1.0
0.29288435 1.4950078 -1.0
3.40143447 4.2324187 -1.0
4.28928747 2.659837  -1.0
3.20000439 1.6445232 -1.0
7.2414276  7.3436769 1.0
1.85434375 3.8683215 -1.0
6.50405765 7.3646555 1.0
3.73243183 5.2492685 -1.0
8.16127662 7.9388802 1.0
2.46580908 3.5033197 -1.0
2.99340892 5.0712100 -1.0
4.28156063 1.2011445 -1.0
2.46161037 3.0574260 -1.0
6.09362323 7.0852633 1.0
1.02063036 4.6333764 -1.0
3.71283686 1.6795772 -1.0
6.18580907 6.2585649 1.0
2.37563513 2.8843492 -1.0
8.52099441 6.9462396 1.0
7.96679165 6.7749181 1.0
2.48039874 2.2244187 -1.0
7.69160318 7.3531987 1.0
6.38430897 6.8104650 1.0
7.27909787 7.0128259 1.0
2.60775346 2.3995908 -1.0
6.09296131 6.7091526 1.0
1.18932443 4.0766403 -1.0
7.55190023 5.2778937 1.0
7.25455169 7.9153322 1.0
2.43717139 1.4824241 -1.0
5.80790274 6.9951542 1.0
7.35360649 6.7659033 1.0
3.70503761 4.0440728 -1.0
2.44297544 3.3937729 -1.0
3.29007902 4.1284380 -1.0
1.81296716 3.6316637 -1.0
7.03608007 7.1066671 1.0
1.77692981 2.7056877 -1.0
3.78536841 1.1608297 -1.0
7.68861722 8.4219545 1.0
6.46745628 7.1516706 1.0
8.1859234  5.3087243 1.0
4.55231407 1.4975810 -1.0
2.23429961 3.7958168 -1.0
3.35700923 2.3290596 -1.0
0.00195591 1.7701096 -1.0
6.39512053 4.8045114 1.0
3.40913891 1.9206121 -1.0
6.140389   3.9232572 -1.0
6.03169372 8.7599620 1.0
6.51149869 6.8194143 1.0
8.55543692 7.2883067 1.0
1.80467695 2.2988142 -1.0
2.65420368 4.4089832 -1.0
5.11081768 7.1619523 1.0
6.58996571 5.6895016 1.0
3.1089815  2.0180181 -1.0
6.3494248  8.5288077 1.0
4.34140512 2.4873801 -1.0
7.90082358 7.5288087 1.0
5.5576111  6.8739767 1.0
4.07974781 1.0752292 -1.0
6.65010356 6.2154426 1.0
5.89045055 6.1397760 1.0
6.6319719  6.7864376 1.0
5.36800828 6.4231725 1.0
6.99474457 7.0398950 1.0
1.56327917 2.8023490 -1.0
6.67601621 5.9691256 1.0
6.82990935 7.0374405 1.0
2.0000149  2.1568330 -1.0
2.24006116 1.3660424 -1.0
7.1019362  8.8866916 1.0
2.69336995 1.9404423 -1.0
2.8418896  2.2735511 -1.0
8.92511924 6.7815867 1.0
3.56682118 2.4089147 -1.0
6.89938271 4.7556845 1.0
7.64851431 7.0229804 1.0
6.99659149 8.1324972 1.0
8.38848764 5.6179820 1.0
2.98219142 5.8467958 -1.0
5.0236604  7.6753496 1.0
3.71224434 2.7963798 -1.0
6.28810286 7.4315075 1.0
7.77338559 5.8619300 1.0
7.2406161  6.1616726 1.0
1.3091482  3.2729762 -1.0
6.1036102 7.234237 1.0
7.96051337 7.0448892 1.0
6.04336106 4.6286612 1.0
2.02864123 2.9184109 -1.0
5.75291733 7.6230991 1.0
3.40375976 2.8709761 -1.0
6.91880666 5.0511069 1.0
8.03825929 5.7733915 1.0
2.84673746 3.3603891 -1.0
4.55396099 3.8320542 -1.0
1.57657624 2.3003265 -1.0
3.3303373  3.3606616 -1.0
7.2374519  6.7137163 1.0
3.53495613 3.2011881 -1.0
3.7286145  4.0887284 -1.0
9.63369128 7.0012764 1.0
7.35824887 6.0252090 1.0
6.41745157 8.5722454 1.0
3.84588192 2.4046974 -1.0
7.5560954 8.342326 1.0
6.59537412 9.7133769 1.0
7.34920521 6.0000904 1.0
6.02860023 6.7684293 1.0
3.80209287 5.1822506 -1.0
6.92537612 5.7813114 1.0
7.63992119 6.2862255 1.0
6.92575943 7.1777847 1.0
7.85037452 8.7396436 1.0
6.66145823 6.2658980 1.0
7.46865365 7.8376292 1.0
7.59601985 7.1760057 1.0
7.96253316 7.2522311 1.0
1.31254769 2.9951340 -1.0
3.96049445 3.1786837 -1.0
2.20840951 4.1564715 -1.0
3.2303705  4.8644889 -1.0
3.10459198 4.7617738 -1.0
0.70829058 4.8294785 -1.0
2.64469425 5.4435477 -1.0
3.23141861 2.159311  -1.0
3.28830106 2.4381528 -1.0
6.18072487 6.3504375 1.0
2.35909247 1.3939446 -1.0
3.045312   3.0996805 -1.0
2.70810474 2.5799514 -1.0
7.72830465 8.2058656 1.0
5.75964851 6.6346035 1.0
3.24100098 2.6773101 -1.0
1.64570081 1.5544839 -1.0
4.51045309 2.7217883 -1.0
8.08529927 7.4193964 1.0
7.40400511 6.587225  1.0
7.51563221 8.4276689 1.0
3.16636402 3.6179486 -1.0
4.38512405 4.6194378 -1.0
1.30317942 4.2300679 -1.0
2.88350487 1.5547506 -1.0
6.01123563 6.5178410 1.0
2.01525661 3.4123084 -1.0
5.86230891 6.6628958 1.0
7.21998684 5.6643287 1.0
3.36476081 1.5954942 -1.0
2.24111039 2.8360883 -1.0
6.42314369 5.3184889 1.0
7.2024788  5.1556190 1.0
5.76249138 6.7596059 1.0
2.20262815 2.8125958 -1.0
7.57763945 7.8329283 1.0
2.32292452 2.5799778 -1.0
8.49067066 7.0031741 1.0
1.71435351 3.1710361 -1.0
7.28186423 6.1379522 1.0
6.73380546 6.6830489 1.0
2.90748954 3.1248305 -1.0
6.44296116 7.5164629 1.0
7.45952008 6.1549421 1.0
5.56730525 7.2308829 1.0
7.55297438 7.2087221 1.0
7.32881016 6.8915771 1.0
1.44499443 4.1518137 -1.0
7.19068398 6.3327788 1.0
6.99831139 6.6826793 1.0
7.71582245 7.0859397 1.0
6.44654661 9.5704471 1.0
7.6954565  7.5275145 1.0
7.28180154 5.5517498 1.0
3.37607418 3.0099536 -1.0
2.76160423 3.4087573 -1.0
7.85324491 6.2570653 1.0
1.49372658 3.1482961 -1.0
7.21436736 6.4757161 1.0
7.62285705 6.5584445 1.0
9.23356598 6.5198884 1.0
2.87858308 4.4432647 -1.0
2.42290222 2.7323928 -1.0
2.48146959 0.7052509 -1.0
3.52239144 3.1066310 -1.0
7.21328158 6.2032151 1.0
6.40822235 7.8993888 1.0
3.61609395 4.8226106 -1.0
3.73036778 4.0013392 -1.0
2.7995958 5.395421 -1.0
3.55509565 1.5296588 -1.0
4.70529125 7.9168313 1.0
8.08316484 5.2556823 1.0
4.30973135 3.6676193 -1.0
2.42940316 4.7362225 -1.0
6.10726306 5.9920273 1.0
1.80789513 3.8095813 -1.0
6.1139115  6.8233115 1.0
7.70460582 6.7129207 1.0
4.0247165  2.5777212 -1.0
2.68781446 3.2311412 -1.0
3.97668483 2.8058717 -1.0
7.38318623 6.6155330 1.0
7.62184858 7.6876225 1.0
5.85133124 7.9151296 1.0
7.65602921 7.2313664 1.0
7.00632863 7.0341370 1.0
7.23361921 6.1558856 1.0
7.72470257 8.2779729 1.0
2.36331645 2.5412528 -1.0
7.07054624 6.6508561 1.0
3.92769199 1.8519888 -1.0
2.43338412 3.1484186 -1.0
1.99435874 2.6365381 -1.0
2.61833955 1.6787123 -1.0
2.39511369 2.5287070 -1.0
2.61901039 1.4152621 -1.0
6.54486581 6.2975892 1.0
3.12777115 2.4728895 -1.0
4.85935857 6.7210038 1.0
4.2509067 2.036110 -1.0
2.47220496 2.4027167 -1.0
4.00565667 3.0904631 -1.0
4.53552946 3.7795925 -1.0
2.6870168  4.4376143 -1.0
6.3761996 6.542784 1.0
1.92954283 4.3329676 -1.0
7.13100525 6.8548333 1.0
2.25024017 3.3307089 -1.0
3.0606514  3.8210096 -1.0
4.49700228 6.9525851 1.0
2.29864515 2.9044049 -1.0
6.6585704  5.6928440 1.0
6.29254689 6.7624775 1.0
3.06771597 1.9442631 -1.0
6.68885044 6.6547118 1.0
4.65892282 3.3324610 -1.0
6.56556513 6.0687689 1.0
5.87297765 7.2293984 1.0
6.66531102 7.3475557 1.0
3.953357   3.4405571 -1.0
4.08242473 2.5473065 -1.0
2.20845736 3.8874068 -1.0
7.33618868 7.2918359 1.0
6.78554988 6.4756853 1.0
2.9430023  1.9505013 -1.0
1.27179491 3.5014281 -1.0
5.85976533 6.8056893 1.0
3.22974371 1.9404687 -1.0
5.3856548  2.9653470 -1.0
2.91018154 2.8051158 -1.0
3.17580159 2.1926385 -1.0
4.09476325 3.1285731 -1.0
2.98853638 1.1317473 -1.0
5.05885473 7.0085757 1.0
3.08632178 3.9010725 -1.0
5.71366945 6.6381923 1.0
1.74645653 1.5064462 -1.0
7.05976131 6.7208259 1.0
8.19439294 6.1565479 1.0
8.18234022 6.1874927 1.0
2.43065435 2.0480552 -1.0
1.9571041  4.2160990 -1.0
4.35261421 2.1374117 -1.0
7.60923197 7.4356936 1.0
2.47757295 3.7520454 -1.0
4.08350934 2.1193271 -1.0
3.8681581  3.4861302 -1.0
5.64562663 5.1069703 1.0
7.22253317 7.0025483 1.0
2.29502271 2.5487748 -1.0
4.38598745 3.8407782 -1.0
3.79500649 4.1734547 -1.0
6.1861082  8.1758897 1.0
2.27767573 2.0598623 -1.0
4.33782901 2.8762291 -1.0
4.03812126 3.5426611 -1.0
7.27135309 6.4801348 1.0
2.33924624 2.8284969 -1.0
6.24891526 6.9625624 1.0
1.91592582 2.9015816 -1.0
4.33463009 3.9314112 -1.0
5.39945076 1.1852917 -1.0
2.14282615 3.5346774 -1.0
2.73560749 1.0776260 -1.0
4.7975899  3.5113554 -1.0
6.53969945 7.5424708 1.0
3.44426376 3.7598437 -1.0
4.18981044 1.4268655 -1.0
6.47668788 6.2299599 1.0
2.99747832 2.6786618 -1.0
8.39831238 6.3660283 1.0
1.82741399 2.2655233 -1.0
7.66210631 7.2601624 1.0
6.18667852 7.2649520 1.0
5.30754472 5.8568013 1.0
3.55703953 3.5154562 -1.0
4.0260205  3.5038793 -1.0
3.01057113 5.2976987 -1.0
3.18459679 3.2604869 -1.0
6.07420046 7.1246515 1.0
7.6355687  8.4818700 1.0
3.04863511 3.8795297 -1.0
4.38098303 3.4691698 -1.0
6.58541644 6.0109185 1.0
1.91654276 2.6685904 -1.0
6.38504252 6.1637542 1.0
5.65535064 6.6340402 1.0
7.07852199 6.9578176 1.0
3.25562291 1.9576334 -1.0
3.50246019 4.2571621 -1.0
4.07991018 3.7626027 -1.0
8.08406824 7.4130899 1.0
8.16073421 7.6864166 1.0
2.48951441 1.7639558 -1.0
3.66022622 3.7060191 -1.0
1.76673275 3.9746869 -1.0
2.74545419 3.5525089 -1.0
7.37686032 6.1440275 1.0
5.52939231 6.2842523 1.0
2.63368829 2.5790977 -1.0
4.06001731 3.9770647 -1.0
7.22140857 5.6255916 1.0
6.87825908 6.5221182 1.0
3.44578418 3.7264711 -1.0
6.26109457 8.9659578 1.0
3.8237895  2.5743525 -1.0
8.93791581 5.4366856 1.0
6.02793877 6.9831358 1.0
6.44503926 8.9639765 1.0
1.97298259 1.8200503 -1.0
8.47355537 7.1205092 1.0
2.59929491 2.4139056 -1.0
4.91462678 6.0399502 1.0
3.52841797 2.5813179 -1.0
3.06162071 3.3491378 -1.0
7.47590398 5.4857626 1.0
7.12881217 7.4816196 1.0
7.20814607 6.7277778 1.0
3.10886893 2.2923279 -1.0
5.23321349 5.9445027 1.0
2.13556013 1.2277518 -1.0
2.82643144 4.3370548 -1.0
2.83171688 4.3791432 -1.0
6.15812964 7.5373456 1.0
6.04275667 6.8351769 1.0
7.41546789 6.0952826 1.0
6.41251997 8.7447821 1.0
2.81086729 3.1725513 -1.0
2.72531081 3.8026092 -1.0
4.0594395  2.5099260 -1.0
2.8506612  3.5012500 -1.0
2.67415947 3.9875480 -1.0
1.47315841 3.6267469 -1.0
2.64351759 2.8225120 -1.0
3.67193803 1.9885239 -1.0
3.95667608 3.1586928 -1.0
7.33799927 5.7638348 1.0
4.19609123 2.7364674 -1.0
8.0197439  6.9199509 1.0
6.74656255 7.8530614 1.0
2.13440087 3.5852514 -1.0
6.67492971 7.4555782 1.0
6.45252225 6.5264889 1.0
3.82615862 4.3522597 -1.0
8.59814207 8.5870734 1.0
2.33316037 4.6521054 -1.0
2.62494179 3.1223588 -1.0
3.20896747 3.0430569 -1.0
3.48141385 1.9440098 -1.0
1.22473748 2.2763077 -1.0
6.34532732 7.4561927 1.0
7.97682764 8.9103569 1.0
1.51357894 3.4605104 -1.0
2.596701   2.3179306 -1.0
1.83270637 3.3586231 -1.0
2.29470125 2.8791820 -1.0
7.82126683 7.9832393 1.0
7.5819214  7.6337129 1.0
3.35739665 2.6624316 -1.0
3.4942544  3.4837060 -1.0
1.28309409 2.9654380 -1.0
3.10312689 3.2205820 -1.0
7.03237536 6.7639361 1.0
7.59152349 7.1056222 1.0
5.34758773 8.3495372 1.0
7.82118474 6.9021981 1.0
0.95513461 3.6626682 -1.0
7.25150301 6.8665598 1.0
1.40421121 2.3625090 -1.0
6.97458233 8.1381670 1.0
1.78323962 3.2261811 -1.0
7.01449451 6.2086295 1.0
2.37115624 2.9740305 -1.0
6.77609274 7.8765168 1.0
7.31000257 7.2009118 1.0
2.25902594 2.5006081 -1.0
7.49128154 7.1613171 1.0
1.77057383 2.6461628 -1.0
2.75851621 2.2862351 -1.0
3.23108834 4.1761978 -1.0
6.19534735 7.2832620 1.0
3.6193195  2.7755407 -1.0
4.24770394 1.2204015 -1.0
3.64830416 4.5953161 -1.0
5.54108297 7.3872057 1.0
5.15677118 7.9635354 1.0
6.38176775 5.0879310 1.0
6.5560632  4.2687267 1.0
6.47797428 6.3592156 1.0
2.50414645 2.4398721 -1.0
2.57579372 4.3754617 -1.0
6.68558421 5.9895639 1.0
5.51451749 5.9108314 1.0
3.62716097 3.4199040 -1.0
1.80393581 1.4465883 -1.0
6.88439821 6.4155087 1.0
5.95775355 7.3242053 1.0
7.5048642  6.7075650 1.0
5.24903765 5.2661498 1.0
4.52859111 3.9493454 -1.0
3.92746525 3.2673505 -1.0
4.7096047  1.6676161 -1.0
2.03417439 2.7352572 -1.0
4.60587002 9.5182333 1.0
2.65494476 1.3122796 -1.0
6.14015636 7.4314121 1.0
4.26884177 1.8168566 -1.0
1.45612241 3.5496430 -1.0
6.27842111 5.5440649 1.0
1.9232755 4.063227 -1.0
2.78066976 3.7062679 -1.0
2.73019579 3.0894589 -1.0
9.65133858 7.3372383 1.0
2.76539993 1.8763093 -1.0
4.62499898 4.3624931 -1.0
3.6083151  1.3029988 -1.0
4.07398115 3.0284733 -1.0
1.55123151 3.4493091 -1.0
5.79939923 5.4143475 1.0
5.51927085 7.4533717 1.0
1.36918524 1.4594323 -1.0
2.29321668 3.3335992 -1.0
7.44646086 6.3204578 1.0
9.02514663 6.7699175 1.0
3.97070285 3.6035484 -1.0
2.4159778 3.660017 -1.0
7.17209347 5.8732863 1.0
2.58098959 3.0771079 -1.0
4.37959028 2.1787033 -1.0
3.03538085 3.9509096 -1.0
5.59480613 6.0509188 1.0
3.61550806 2.3094838 -1.0
6.14526164 6.6114550 1.0
7.57395954 6.7143190 1.0
9.66771508 8.3464311 1.0
5.91915718 6.4932028 1.0
9.12771183 7.4372032 1.0
3.3767609  2.8530615 -1.0
6.09142312 6.2014927 1.0
0.99603854 3.4888608 -1.0
7.28927137 6.3857214 1.0
4.38419683 2.8484468 -1.0
3.24335794 1.9488262 -1.0
4.25352577 2.1976027 -1.0
4.78634271 1.6369287 -1.0
1.88972541 2.8846772 -1.0
2.73225722 2.7316783 -1.0
4.12360839 3.6353839 -1.0
8.33707735 7.0424500 1.0
4.08983872 2.5380904 -1.0
3.20273562 1.6034804 -1.0
4.70111912 2.6902851 -1.0
7.15751443 7.1677370 1.0
1.9715437  2.6214135 -1.0
7.20766966 7.2436077 1.0
2.77246371 2.6220189 -1.0
2.32089371 2.4221152 -1.0
6.60985797 7.4860459 1.0
2.7768366  3.3460346 -1.0
3.32203747 3.1251116 -1.0
1.80419668 3.7957606 -1.0
6.61599558 8.2145827 1.0
2.96570485 4.1747846 -1.0
4.37807385 2.9683979 -1.0
7.81247655 8.1056589 1.0
6.60448554 8.0362190 1.0
2.4553336  2.1595338 -1.0
2.73887729 2.3324351 -1.0
1.84578872 2.4425897 -1.0
2.07322882 5.1435249 -1.0
2.73380875 2.2327863 -1.0
7.05892415 5.6799099 1.0
1.35737098 3.4011562 -1.0
2.85059198 1.6693980 -1.0
2.46331444 3.7929582 -1.0
7.80914809 6.6662904 1.0
4.91206948 3.6109716 -1.0
7.25643483 5.9034045 1.0
4.95955379 1.6939806 -1.0
2.91816473 5.4780252 -1.0
8.31028932 8.6148363 1.0
6.11742034 9.6704661 1.0
6.54652787 7.9161525 1.0
2.53791766 2.9784311 -1.0
1.43532509 1.6497528 -1.0
5.72849046 8.9621551 1.0
2.26359487 1.2386022 -1.0
1.85403851 1.7526317 -1.0
7.31831755 6.44901   1.0
2.85884832 2.5171029 -1.0
5.36760371 7.6688380 1.0
7.78387201 6.3303801 1.0
2.83322342 3.6084309 -1.0
1.76099781 4.2232487 -1.0
2.1893202  0.5175109 -1.0
5.99745745 8.5028337 1.0
5.57967378 9.3319733 1.0
2.96120038 1.2387576 -1.0
1.34935834 3.6196515 -1.0
8.87211191 6.9379052 1.0
2.1279895  3.9352716 -1.0
3.26658705 2.7530824 -1.0
7.64170376 6.7270843 1.0
8.1148926 6.340759 1.0
7.34771294 6.3696111 1.0
2.69624403 4.1404727 -1.0
4.59805067 2.3774718 -1.0
2.3221979 2.259712 -1.0
2.84252841 3.8927767 -1.0
7.31108342 5.9072093 1.0
1.57818907 3.1425522 -1.0
5.88122726 7.2653352 1.0
3.61244021 3.9453691 -1.0
8.36127228 6.5043424 1.0
6.4863424 8.178941 1.0
4.26812391 1.3530206 -1.0
5.99474547 7.7234013 1.0
6.85748603 6.3309389 1.0
1.49053857 3.7171507 -1.0
2.80959483 3.7045360 -1.0
1.42716978 3.7580311 -1.0
1.32014535 2.0803483 -1.0
2.0471272  2.8112859 -1.0
5.64398767 6.7575820 1.0
2.70428331 2.4433999 -1.0
3.18527254 2.6057059 -1.0
8.19285212 7.5230423 1.0
2.79771411 2.7969147 -1.0
7.22258938 5.3127711 1.0
7.20147339 5.6981696 1.0
4.61461408 3.4934496 -1.0
7.24678868 7.7457987 1.0
3.24571264 3.2459367 -1.0
3.62475156 3.1480111 -1.0
4.11157158 2.2855001 -1.0
3.03772755 4.0755306 -1.0
5.43518048 7.6584870 1.0
3.63006074 4.3077592 -1.0
0.79045834 2.5939126 -1.0
5.46112534 7.8491021 1.0
7.58752313 7.2375130 1.0
6.58962668 9.3347038 1.0
5.77331695 8.4517237 1.0
3.16068949 3.1664382 -1.0
3.77640285 3.2102654 -1.0
7.93983345 8.5058266 1.0
6.83596465 8.1435327 1.0
2.80612703 2.3839137 -1.0
2.79885543 2.243487  -1.0
4.43174528 3.2500905 -1.0
9.60844704 6.7246317 1.0
2.43089547 2.8892502 -1.0
7.01303575 6.6336855 1.0
6.01973606 9.4522811 1.0
2.97957955 3.0140270 -1.0
8.3475495  6.9478113 1.0
1.20013097 3.0023500 -1.0
6.8869513  8.1097061 1.0
1.57087707 2.6183243 -1.0
1.83523758 3.3220464 -1.0
8.11465138 5.7465468 1.0
8.33149    8.1094081 1.0
4.69755341 4.7666507 -1.0
3.13300111 3.4376154 -1.0
6.58775511 8.5254841 1.0
6.79336712 7.9347763 1.0
2.8607503  4.6822850 -1.0
3.38919401 2.6855566 -1.0
2.77408573 4.2893736 -1.0
7.02033579 7.7640915 1.0
7.08568526 7.1568685 1.0
1.09155236 3.8458768 -1.0
2.49643395 2.9467142 -1.0
3.81055244 1.0547844 -1.0
7.54130883 8.2373506 1.0
7.81276753 6.6302903 1.0
3.9621883  5.9434082 -1.0
2.76761079 1.4917331 -1.0
6.76965035 6.7157918 1.0
1.78759013 3.2559915 -1.0
2.32600698 2.5101591 -1.0
5.98881458 6.8526281 1.0
5.80222807 5.3084013 1.0
3.62721435 3.3350114 -1.0
3.0607227  1.8118417 -1.0
2.9814717  3.5195331 -1.0
1.79308062 4.5724769 -1.0
1.66812851 2.0643489 -1.0
6.33670843 8.4949240 1.0
6.16322486 6.6447866 1.0
6.42748882 6.0981859 1.0
7.53805517 6.5871089 1.0
7.66860947 6.3753427 1.0
3.92767011 2.6519768 -1.0
3.61445866 4.3333933 -1.0
3.67150893 3.9166498 -1.0
2.02491919 3.5710252 -1.0
1.56574014 2.9699337 -1.0
2.27181841 5.1802299 -1.0
8.31198117 5.9472511 1.0
4.87533983 0.7253910 -1.0
7.15081177 7.1849213 1.0
3.62415465 1.7146871 -1.0
7.94929406 7.6481425 1.0
2.95496262 3.4432078 -1.0
6.99025174 6.6309623 1.0
3.34322728 2.1897100 -1.0
7.49054686 6.4444898 1.0
6.76059895 8.0089031 1.0
3.204104  1.962751 -1.0
2.41058985 2.7155378 -1.0
2.44887416 3.8101567 -1.0
2.21644686 3.2221899 -1.0
6.27979003 6.1329728 1.0
3.12449869 3.6032282 -1.0
1.7390747  3.6040154 -1.0
2.75682301 3.9001006 -1.0
7.20915508 6.0715583 1.0
6.59386704 5.8743255 1.0
2.77348607 3.4219985 -1.0
3.86561283 1.5778098 -1.0
8.15154447 6.5388511 1.0
2.47194112 3.5420665 -1.0
3.29854612 3.2044581 -1.0
3.55002252 2.4388035 -1.0
5.81238664 6.5397608 1.0
7.96185211 8.2989111 1.0
2.54733449 3.6975417 -1.0
4.45772603 2.6944650 -1.0
6.82470318 6.4953679 1.0
6.99583575 8.0813895 1.0
7.60198369 5.6802534 1.0
7.21791    7.6189337 1.0
2.29720776 3.8265422 -1.0
7.2786887  7.6686554 1.0
6.69384228 8.1164654 1.0
3.4902328  3.6271592 -1.0
3.2619753  4.1653308 -1.0
6.70634142 7.9147434 1.0
8.42968423 8.5773467 1.0
7.97788337 6.4002775 1.0
2.77251282 4.0224285 -1.0
8.3426726  7.5409922 1.0
3.03854639 4.1936357 -1.0
1.66260038 1.1658374 -1.0
2.50827583 4.7983401 -1.0
7.51480778 6.1888048 1.0
4.10858795 1.7719365 -1.0
4.17135988 3.1955879 -1.0
6.12093478 7.4639473 1.0
7.33898748 7.3165437 1.0
4.03589566 2.5644369 -1.0
4.65275764 2.9945346 -1.0
7.10895537 7.1864930 1.0
2.98341397 3.3870711 -1.0
4.45231399 2.3419251 -1.0
3.04009064 2.9432237 -1.0
2.75443344 3.8735498 -1.0
2.32029085 5.3093876 -1.0
7.83070729 7.1404786 1.0
7.05539504 6.7690414 1.0
0.88797473 2.1796020 -1.0
5.6613881  5.8809111 1.0
3.91922134 4.2772764 -1.0
6.10291499 8.0668522 1.0
2.52728296 3.3613961 -1.0
6.1127679  5.8931364 1.0
2.44313333 2.7120238 -1.0
1.920012   3.3749736 -1.0
6.57272823 4.7190010 1.0
8.62231303 6.1702961 1.0
5.85095722 6.6964999 1.0
4.36525053 3.0449048 -1.0
3.17890638 1.9634579 -1.0
8.15379857 6.6615968 1.0
2.25195266 3.0776618 -1.0
4.93754325 8.167816  1.0
8.41869544 7.6881600 1.0
3.25693813 3.5757459 -1.0
6.9726173 8.243224 1.0
8.34196255 7.1150402 1.0
6.55701168 6.7570027 1.0
7.01664281 8.4093086 1.0
2.97409932 4.4572085 -1.0
3.43776212 3.1421927 -1.0
6.97191294 5.9825989 1.0
2.43022426 4.2377220 -1.0
7.41735305 7.2903515 1.0
5.58374752 4.8281993 1.0
6.4424392  5.1657563 1.0
8.67065665 7.4744315 1.0
4.2565014  3.9692897 -1.0
8.28498077 5.8658430 1.0
7.95706172 5.2932881 1.0
1.74693566 0.2351103 -1.0
2.42406379 1.7311466 -1.0
5.5828441  2.9885288 -1.0
3.92028568 1.1382157 -1.0
0.97887875 4.0397477 -1.0
7.78119489 6.9792913 1.0
5.87041989 8.2929115 1.0
3.57696882 2.9081449 -1.0
3.57152699 3.1681607 -1.0
3.40236961 1.9021722 -1.0
4.29130111 4.310708  -1.0
6.85052589 7.4807096 1.0
3.12050202 3.4210476 -1.0
2.86156743 2.5940296 -1.0
1.92655221 1.9529573 -1.0
4.65128302 3.4196486 -1.0
6.66455578 7.7921240 1.0
5.49044977 4.0558648 -1.0
4.69064127 2.0020782 -1.0
4.02569575 4.7033072 -1.0
6.66874619 6.1200403 1.0
3.0416044  4.0022617 -1.0
6.11653955 7.8576309 1.0
6.60565296 7.0690634 1.0
4.02138449 2.8117415 -1.0
3.85272185 3.5781775 -1.0
2.18407662 3.4318161 -1.0
6.28814402 2.0863379 -1.0
1.67473475 3.4580441 -1.0
8.42195435 8.5757265 1.0
3.36929954 3.8210362 -1.0
7.38048813 5.984767  1.0
6.77384106 7.7191871 1.0
8.59288428 7.3873941 1.0
1.67016633 2.7858756 -1.0
3.49729257 2.3241250 -1.0
4.40209657 2.2334148 -1.0
8.56207605 7.1838532 1.0
7.28105163 7.0098149 1.0
8.50029301 7.5754114 1.0
3.26130599 2.9361561 -1.0
3.04262325 2.9976325 -1.0
5.12769382 6.7443335 1.0
3.31500815 2.6944125 -1.0
5.88620417 6.9566952 1.0
7.48273814 6.3292682 1.0
7.29689236 7.5109857 1.0
7.44556633 7.4544205 1.0
4.30631535 2.5362768 -1.0
2.50123602 3.0061169 -1.0
3.45074704 2.9393885 -1.0
6.979462   6.7689216 1.0
1.91998466 2.6753350 -1.0
7.44052566 7.9957885 1.0
2.20653192 3.2339115 -1.0
6.09895099 8.3695929 1.0
3.49366791 3.4594547 -1.0
5.11156266 6.2233494 1.0
6.7826596  7.1975171 1.0
3.43078541 1.8021031 -1.0
9.00205612 7.1801232 1.0
3.71376203 2.6758729 -1.0
7.47913156 6.9475173 1.0
5.19353192 7.7407094 1.0
3.77208285 4.3950231 -1.0
9.06594765 7.8912028 1.0
2.22138862 2.9923177 -1.0
7.04888975 8.439013  1.0
2.37684256 4.3398600 -1.0
4.25301338 0.9772837 -1.0
8.31857641 7.2752305 1.0
7.97828704 6.0888748 1.0
3.88200925 2.3076030 -1.0
6.45416369 8.9220043 1.0
9.64594378 8.6927292 1.0
3.91414491 3.5332548 -1.0
6.25953336 7.5771747 1.0
3.86970477 4.6847058 -1.0
7.59512383 7.8385025 1.0
3.19846649 4.2318354 -1.0
2.21522061 4.4203335 -1.0
3.42841099 3.0249037 -1.0
2.76799644 1.2728199 -1.0
6.79004027 7.1110123 1.0
6.24749551 5.8611872 1.0
7.50106663 5.4928425 1.0
2.68507194 2.3310961 -1.0
6.21091117 9.1231176 1.0
7.23117741 6.7521951 1.0
2.00660568 3.5355509 -1.0
3.97538766 3.1950909 -1.0
7.82371689 8.1754806 1.0
6.48956744 8.1412810 1.0
7.56113182 6.7049006 1.0
4.38263533 2.7787013 -1.0
2.4383186  2.8029870 -1.0
3.58097593 4.3695028 -1.0
6.70743186 7.1706367 1.0
7.26039869 7.7931724 1.0
3.40411153 2.8853447 -1.0
2.68426904 3.5811829 -1.0
4.0063363  3.7365328 -1.0
2.64542987 3.6329733 -1.0
2.53549689 2.3758336 -1.0
7.51031367 6.5146061 1.0
8.03914558 8.2743444 1.0
8.17248239 5.8121593 1.0
3.2232168  2.5678863 -1.0
4.63427622 7.4844794 1.0
7.75604161 7.5507404 1.0
3.38922295 3.3134374 -1.0
2.32969771 2.5019412 -1.0
2.03745601 1.8972811 -1.0
1.13804115 1.8594926 -1.0
5.25589121 3.0015526 -1.0
7.66600877 7.4402514 1.0
7.18308393 7.4966508 1.0
2.93390474 1.6090862 -1.0
1.69385999 3.5360110 -1.0
2.93005473 3.3513303 -1.0
7.26127094 8.3947607 1.0
5.93892866 6.8190726 1.0
4.41773968 2.8439767 -1.0
5.94422049 6.1225285 1.0
6.45021767 6.5096388 1.0
6.89914866 6.9519598 1.0
8.33460916 6.7832187 1.0
6.47536899 7.380728  1.0
2.46904042 3.2563917 -1.0
7.09860429 6.9286838 1.0
7.34826507 5.4285614 1.0
2.31368624 3.3287977 -1.0
3.25954634 2.8703240 -1.0
3.26939606 4.5776022 -1.0
7.85637425 7.8588915 1.0
4.55516309 7.7181691 1.0
3.04411408 4.4227581 -1.0
2.15566929 3.8530659 -1.0
8.38940802 5.7583374 1.0
5.43413509 8.1581799 1.0
7.40750138 6.4285292 1.0
6.5082211  9.2351770 1.0
5.12567655 2.8129718 -1.0
7.36228271 5.1942705 1.0
1.80135232 1.4484246 -1.0
1.43469317 3.5363490 -1.0
3.39090424 2.8567269 -1.0
3.87562844 1.7753058 -1.0
6.65250779 8.5751497 1.0
1.32669122 2.6448370 -1.0
6.98080669 7.9867919 1.0
6.87232065 7.0599970 1.0
4.25330296 1.0699729 -1.0
8.25820921 7.2893986 1.0
2.80729939 3.4516562 -1.0
7.42743197 7.9473642 1.0
3.68638577 3.2598442 -1.0
7.6479847  5.5397116 1.0
6.95283617 7.5793851 1.0
1.89235601 2.4242286 -1.0
5.22890074 6.0856337 1.0
3.05039351 3.7199554 -1.0
7.59740312 8.0526370 1.0
2.56813696 2.6748485 -1.0
8.88528365 6.3446964 1.0
6.60208958 6.7848321 1.0
4.00566397 4.0755957 -1.0
7.97011678 5.5257272 1.0
7.48821161 6.8350191 1.0
3.96713606 3.5237677 -1.0
2.81802985 2.2379016 -1.0
7.14810858 6.7848919 1.0
6.40825283 7.2372410 1.0
2.04000048 1.3623295 -1.0
8.92723238 7.8742819 1.0
4.27779159 2.0175091 -1.0
7.67911926 7.9409849 1.0
2.57283116 3.7423646 -1.0
6.01149668 6.7563854 1.0
2.46078323 3.6442976 -1.0
7.11899558 6.9346856 1.0
2.96868586 1.8935056 -1.0
2.7078383  3.3048632 -1.0
6.09707099 7.1580875 1.0
3.46548064 3.7325526 -1.0
2.31701177 4.1647910 -1.0
8.94377526 4.9739945 1.0
2.6368737  2.4555063 -1.0
2.48947811 4.5268477 -1.0
4.36957569 2.8576676 -1.0
3.03983185 2.9682530 -1.0
6.12623008 8.3484979 1.0
2.86044797 2.6330100 -1.0
1.69702553 2.6185711 -1.0
8.80930175 7.8911004 1.0
2.75465701 4.5234253 -1.0
4.21242478 2.5805183 -1.0
8.91516971 5.6074424 1.0
6.28730729 7.2296593 1.0
2.16113884 2.2343167 -1.0
8.76688934 5.6044153 1.0
2.57372468 2.3501809 -1.0
7.1176424  7.4968707 1.0
8.50860172 5.4885950 1.0
6.72184928 8.2329153 1.0
7.10358739 6.5370822 1.0
8.06757336 7.9606375 1.0
8.25455946 6.7214903 1.0
2.51107662 2.6523022 -1.0
7.00654865 7.7355376 1.0
7.95737747 7.6384137 1.0
4.10620602 2.7427320 -1.0
6.7361135  5.1995914 1.0
6.5899401  6.3846066 1.0
4.05306444 2.8800239 -1.0
9.15110649 8.0171073 1.0
9.24749253 8.0496768 1.0
2.07107624 1.4715207 -1.0
6.9962639  6.6441188 1.0
7.15505529 8.4357163 1.0
1.17389508 3.4079353 -1.0
7.21146099 6.6209137 1.0
6.89538404 9.0270913 1.0
6.37297417 6.6063200 1.0
6.83630344 7.1555505 1.0
2.9539036 2.295737 -1.0
6.90162473 7.6949415 1.0
4.09064859 2.6826973 -1.0
2.28539016 1.7008868 -1.0
2.11386155 2.0003491 -1.0
7.90123293 5.1269294 1.0
2.85223662 3.8621548 -1.0
6.25542617 6.0493514 1.0
7.01359699 6.1386404 1.0
8.46404001 8.4188981 1.0
8.81183985 7.1031159 1.0
7.01406079 6.9924908 1.0
7.73339422 5.3817928 1.0
6.90508153 8.0150697 1.0
3.48360152 5.0353581 -1.0
2.16448063 2.6151451 -1.0
2.82935536 2.7541061 -1.0
2.42858307 2.4622176 -1.0
6.24021752 7.5013784 1.0
4.21563995 2.8371818 -1.0
3.26338925 3.9402209 -1.0
5.42974922 7.5783467 1.0
7.78091178 6.7600477 1.0
5.09955017 7.9324123 1.0
1.85094947 4.7137395 -1.0
2.97503689 2.7872002 -1.0
3.09015894 2.6274261 -1.0
6.98855673 7.9432817 1.0
4.13571609 6.7562148 1.0
6.85484118 6.7260725 1.0
6.01167248 7.2729494 1.0
6.42955084 7.1606896 1.0
5.84324244 6.1291201 1.0
6.68091695 6.1854797 1.0
7.19162707 6.9723216 1.0
3.4709469  2.0008457 -1.0
3.84872845 3.6873394 -1.0
6.73455511 6.0136842 1.0
5.59437178 7.9384854 1.0
8.77994961 7.1232545 1.0
7.19798954 7.1523371 1.0
0.27973792 4.1891424 -1.0
5.87470261 7.2963630 1.0
2.84153339 4.9590143 -1.0
7.5837128  6.4737663 1.0
 3.16685123 -0.3544052 -1.0
2.84336321 1.7769872 -1.0
3.00714709 4.0205874 -1.0
6.80894277 7.4906284 1.0
6.52808995 7.9176841 1.0
3.01486221 2.4870954 -1.0
1.76753382 3.5716083 -1.0
8.0223108  8.1442518 1.0
6.49364145 6.5080260 1.0
4.05312983 4.4872026 -1.0
7.70155106 7.6483061 1.0
0.87347115 1.8449583 -1.0
4.62361472 3.8275856 -1.0
3.04924877 2.3985848 -1.0
3.31443498 4.1663014 -1.0
6.29543323 6.4442552 1.0
8.12106574 7.0129626 1.0
6.75193982 6.9568924 1.0
6.51980189 7.7898770 1.0
3.19770251 2.6119014 -1.0
1.73442754 1.8928599 -1.0
4.06243093 2.8294247 -1.0
2.56237046 1.2375014 -1.0
4.88819205 3.2799118 -1.0
7.55597349 7.6237919 1.0
3.54091769 2.9541195 -1.0
7.57565587 6.7865313 1.0
6.89668887 8.2216655 1.0
6.2139444  5.9741220 1.0
4.83069814 6.2580519 1.0
4.46333087 3.3481205 -1.0
4.7514034  3.5005201 -1.0
3.50618132 4.4987995 -1.0
6.78373913 7.2962513 1.0
7.57564101 6.5939815 1.0
4.10862229 5.1952921 -1.0
5.18784142 5.4633808 1.0
8.53806122 7.1533738 1.0
6.74654788 7.6745733 1.0
3.0516206  3.6205773 -1.0
6.51812156 7.5869310 1.0
2.07661724 3.6869730 -1.0
7.53842348 6.3601194 1.0
2.1694854  2.6561278 -1.0
7.08919833 5.8057257 1.0
7.09727486 6.6506256 1.0
4.62282859 6.5824617 1.0
8.60780356 7.7942557 1.0
2.06237501 3.5313474 -1.0
7.62398    4.9448896 1.0
6.8701544  6.1616652 1.0
1.63631524 4.0869400 -1.0
8.7243936  8.5042628 1.0
3.06853889 3.5996891 -1.0
2.77783731 4.3634346 -1.0
8.99176641 6.4405127 1.0
6.55231971 8.2046280 1.0
4.63105571 4.5296366 -1.0
7.86139817 6.3643320 1.0
6.83976337 5.9352512 1.0
6.5471461  5.4705041 1.0
8.16994807 8.4146368 1.0
7.65132463 5.6555624 1.0
7.72756107 7.1585883 1.0
7.13824988 5.7501025 1.0
3.72911435 3.4139102 -1.0
3.78103063 2.6422188 -1.0
3.22187571 1.8219242 -1.0
8.00695451 7.0742296 1.0
2.90475628 0.4905200 -1.0
6.36325485 5.7537649 1.0
4.12610849 3.0069205 -1.0
3.57417316 3.6195574 -1.0
5.7612586  6.3293864 1.0
7.92861881 5.8466275 1.0
1.38647461 2.4985000 -1.0
3.32512573 2.9750246 -1.0
3.97740483 3.1398766 -1.0
6.05609428 6.5167081 1.0
7.63539591 5.5999751 1.0
3.42633265 2.6280496 -1.0
6.54328052 6.7268038 1.0
2.86486899 4.1486062 -1.0
4.07321553 2.7423514 -1.0
2.78080583 4.1733881 -1.0
6.28440978 8.6575773 1.0
3.07902232 3.2625513 -1.0
4.64566222 3.7097385 -1.0
6.37719289 7.1872245 1.0
3.07878993 3.8496013 -1.0
5.9279343  8.4983563 1.0
2.88652882 3.9802479 -1.0
7.97968908 6.5632086 1.0
7.59322098 7.1205151 1.0
4.06370688 5.0616212 -1.0
9.09061477 7.4620461 1.0
6.20170476 5.8958393 1.0
6.9283025  6.9831614 1.0
8.19390167 9.4587848 1.0
2.1959583  3.4765180 -1.0
3.15368991 3.7466089 -1.0
4.22986131 2.9645940 -1.0
3.09078561 3.3421465 -1.0
2.83183333 1.1600349 -1.0
3.80730218 2.6098340 -1.0
6.60395399 6.2433467 1.0
2.26182716 4.6226109 -1.0
6.79159036 5.2416335 1.0
4.67950451 2.7820657 -1.0
8.33849036 6.6810271 1.0
8.79062969 6.3267415 1.0
7.75069511 4.8470043 1.0
7.37491633 9.4990743 1.0
1.75017341 3.0919234 -1.0
7.40658992 6.1972387 1.0
2.38002714 0.3939635 -1.0
4.08297114 1.8401286 -1.0
6.6895924  7.0560856 1.0
1.59831943 5.1607959 -1.0
7.0454914  7.5548215 1.0
8.5107289  8.3752208 1.0
2.77523048 3.3479874 -1.0
3.21118742 4.5473611 -1.0
3.25128095 3.1579375 -1.0
5.30505666 7.9312921 1.0
6.14805455 5.6849698 1.0
0.98050643 2.9071862 -1.0
7.85890791 6.9960585 1.0
3.40938999 2.8245043 -1.0
5.46529259 7.6182027 1.0
2.13553046 1.3523264 -1.0
7.6493261  5.8986785 1.0
8.69474673 5.7676882 1.0
2.10976189 2.4954703 -1.0
7.38455446 6.9057019 1.0
8.3483582  6.9536933 1.0
1.73101866 3.5533945 -1.0
5.45209282 5.9923862 1.0
5.76823369 6.3257509 1.0
7.71347018 5.8631226 1.0
6.39911389 8.6947784 1.0
3.62353294 3.5504468 -1.0
7.20058644 7.3937132 1.0
3.3291676  3.3291207 -1.0
8.11022966 8.209746  1.0
2.93965108 3.8053877 -1.0
3.12135021 2.9090981 -1.0
3.36364266 3.4824000 -1.0
3.81953588 2.2898308 -1.0
6.15485587 6.6294562 1.0
5.61583691 7.1842930 1.0
6.53630878 6.8807377 1.0
3.70019004 2.4498771 -1.0
2.9075476  4.0299347 -1.0
7.89709946 6.4807601 1.0
5.63845052 8.8283806 1.0
1.03845867 2.7649993 -1.0
7.7046028  5.0741907 1.0
1.19371423 2.8515768 -1.0
2.97058058 2.9137996 -1.0
6.3982519  6.1977508 1.0
7.0917457  8.3631455 1.0
7.29690538 7.5217196 1.0
7.56177787 7.9014356 1.0
3.9429421  2.9745712 -1.0
7.82287432 7.1623538 1.0
2.16010117 2.1048710 -1.0
7.02121476 9.1083076 1.0
3.90648757 2.9309105 -1.0
2.50725493 2.7974539 -1.0
1.26250674 2.5856413 -1.0
6.77420527 6.6804942 1.0
4.68378616 2.8186102 -1.0
2.88285646 2.8438068 -1.0
7.69636391 7.4969250 1.0
7.74044218 7.0860856 1.0
7.75371809 9.2854897 1.0
1.43776462 3.1821612 -1.0
6.4679519  6.8089963 1.0
6.66491973 4.8381611 1.0
3.30769816 1.1910156 -1.0
4.4118742  2.9591720 -1.0
2.62636773 4.1734851 -1.0
8.17710376 7.2496958 1.0
6.53356739 6.5957511 1.0
1.26462448 1.8769443 -1.0
8.29329707 6.3006958 1.0
2.08043521 3.0620815 -1.0
2.22536613 5.2652678 -1.0
7.23368079 7.0190822 1.0
7.16957655 7.9192738 1.0
5.61259534 6.5085264 1.0
5.95280656 8.0959817 1.0
2.06408794 3.8183232 -1.0
8.0271797  8.7449479 1.0
8.48789186 5.9223588 1.0
5.42253162 5.1453264 1.0
8.02490284 6.8921519 1.0
3.30913598 3.1908527 -1.0
6.70051359 7.9357231 1.0
6.60265479 7.6109617 1.0
4.16235526 1.9616354 -1.0
7.43756813 6.4575526 1.0
3.59868226 2.5807702 -1.0
2.69394929 4.0451874 -1.0
7.90812132 7.1183424 1.0
3.8060092 2.627205 -1.0
5.6469005  6.0051140 1.0
5.22663317 3.4144935 -1.0
6.9683215  7.2480846 1.0
7.56412758 7.2845021 1.0
7.86419793 6.7999543 1.0
3.25068091 1.6287555 -1.0
3.98489797 3.4258096 -1.0
0.31149194 3.0291331 -1.0
5.59340661 4.7477217 1.0
1.39093986 3.0754804 -1.0
6.85671922 9.0282204 1.0
3.14976141 2.7548067 -1.0
7.79456113 5.7442768 1.0
5.83006351 8.6800743 1.0
4.11266337 3.6802213 -1.0
3.14523098 3.9163300 -1.0
3.78132077 3.2394534 -1.0
1.85665094 4.1494087 -1.0
6.10319424 7.6662681 1.0
7.35296556 7.2121639 1.0
4.30804708 2.6884915 -1.0
8.14270571 6.7141006 1.0
2.52384326 1.6587827 -1.0
6.61238875 7.7366487 1.0
3.35397106 3.8334882 -1.0
8.02625715 7.4144654 1.0
3.91621227 3.2879085 -1.0
4.32879629 7.8978915 1.0
8.27552234 7.2571825 1.0
4.58948162 4.0118103 -1.0
6.66576218 6.6147508 1.0
4.54608063 5.7723914 1.0
2.97136574 2.5327583 -1.0
3.75568241 2.6552013 -1.0
5.02145972 8.3846428 1.0
2.72202167 3.1185754 -1.0
2.28781524 3.8366049 -1.0
7.05290812 6.0950771 1.0
6.9546166  7.0784122 1.0
7.89099073 6.8837043 1.0
6.88246477 7.0027565 1.0
6.57476539 7.7588067 1.0
3.07202444 2.2092345 -1.0
1.48665026 1.8515733 -1.0
4.73804247 4.9742901 -1.0
3.52449884 3.6200650 -1.0
4.59637605 2.7620692 -1.0
1.84075958 1.8635128 -1.0
7.08530054 8.8641375 1.0
3.9007723  1.8300978 -1.0
7.07805392 6.7130473 1.0
4.5414199  2.6859525 -1.0
4.56975966 3.3862334 -1.0
6.49343498 6.8328376 1.0
4.07346328 3.0494494 -1.0
7.02687987 8.3728748 1.0
7.24260441 6.6434335 1.0
7.45370106 6.8728111 1.0
6.53775702 5.8039177 1.0
3.76943314 5.1098133 -1.0
1.31892631 2.7551396 -1.0
6.83825903 7.2595415 1.0
3.76495787 0.9946852 -1.0
2.34541143 3.1438915 -1.0
2.09536623 3.2418277 -1.0
3.2473383  3.2582326 -1.0
8.0331179  8.9141578 1.0
4.59475279 4.9449692 -1.0
6.96954476 6.6574458 1.0
2.77224548 5.4383112 -1.0
1.59750443 1.6105091 -1.0
2.96933347 4.6682916 -1.0
5.53118265 6.9843045 1.0
4.18252297 2.2504373 -1.0
4.13635837 3.6086551 -1.0
3.63753688 2.1223171 -1.0
4.43213634 3.6785479 -1.0
6.15306216 6.8088175 1.0
2.26348043 2.6461757 -1.0
3.60487002 3.5609045 -1.0
2.00568756 1.9204834 -1.0
6.03500492 7.6930459 1.0
8.76808509 4.2849735 1.0
8.16082507 5.4088712 1.0
4.22236156 3.7118705 -1.0
2.64270414 2.8497822 -1.0
3.16034789 1.7237676 -1.0
4.61583071 3.5870312 -1.0
2.98178127 1.8204847 -1.0
4.79777123 2.7586753 -1.0
10.42099574  4.9940957 1.0
1.89142893 3.3945893 -1.0
2.67084207 4.1318625 -1.0
6.27317674 5.8300235 1.0
2.51374388 2.6523220 -1.0
2.19150307 1.1479681 -1.0
3.35685373 4.6264745 -1.0
6.89907483 6.4249103 1.0
5.04257431 2.3410321 -1.0
8.00521458 5.9133024 1.0
2.18810091 2.9261209 -1.0
3.05100441 3.4558557 -1.0
6.45554192 6.8340320 1.0
7.46524711 7.935297  1.0
7.4533419 7.998078 1.0
2.12437304 3.1856136 -1.0
3.24659661 3.9007999 -1.0
6.19888334 8.0291201 1.0
3.74608247 4.7711126 -1.0
7.2042861  6.5390384 1.0
3.80172463 2.5999878 -1.0
2.00812878 2.4898627 -1.0
9.34318533 7.6944095 1.0
2.70549274 2.2059744 -1.0
5.61934079 3.5550888 -1.0
7.7069365  7.7623509 1.0
6.42602297 6.7621514 1.0
2.58424849 4.6027412 -1.0
7.34909605 6.4351505 1.0
8.44777158 7.9585267 1.0
4.87976345 3.1810414 -1.0
6.48049484 9.4303767 1.0
3.46781323 2.9428223 -1.0
7.46438097 6.3447624 1.0
0.24755937 3.3758033 -1.0
3.10241828 2.2012128 -1.0
2.32722206 3.3051433 -1.0
3.72385436 1.8124903 -1.0
7.75919594 9.0503835 1.0
2.41793004 4.4314970 -1.0
6.87404062 8.6023975 1.0
5.41374296 5.5822045 1.0
7.26881908 8.1676376 1.0
6.80300388 5.0458485 1.0
5.31671943 6.8327085 1.0
7.7736281  8.0794208 1.0
7.21698531 7.6509649 1.0
3.40682495 2.8445501 -1.0
7.47543368 6.3417986 1.0
7.10211461 6.1141469 1.0
3.32063265 5.3805620 -1.0
6.43644936 5.2025856 1.0
2.80341375 3.4258790 -1.0
7.58243729 6.6194360 1.0
3.33636301 1.8348935 -1.0
3.2068311  5.1690598 -1.0
3.91231203 1.7208722 -1.0
2.9223273  2.5867483 -1.0
7.96758742 6.2054058 1.0
6.54543066 6.7872005 1.0
7.19414333 7.4825816 1.0
7.30816673 7.6741144 1.0
6.55105052 7.2264780 1.0
2.07916517 3.7653761 -1.0
5.31550839 7.0323719 1.0
1.84787649 2.9372910 -1.0
2.49859762 3.9484505 -1.0
6.54837592 6.8859863 1.0
3.52441761 2.6653805 -1.0
7.62711092 6.7850982 1.0
5.74036302 7.8273776 1.0
7.29060104 8.3726613 1.0
0.29140812 3.4092656 -1.0
4.51047334 2.6953706 -1.0
8.58236812 7.0633388 1.0
5.03826216 7.2078787 1.0
6.34809445 6.7470704 1.0
3.61227438 1.6888579 -1.0
1.47299037 3.6840484 -1.0
7.87625121 8.7359300 1.0
6.99805525 8.3764293 1.0
2.92394296 3.3585215 -1.0
2.96518798 4.2998457 -1.0
7.51763075 8.1035126 1.0
4.99389712 3.1625325 -1.0
1.55797736 2.8584539 -1.0
7.54211502 6.4956882 1.0
3.98917234 7.1173702 1.0
5.39079088 5.9162914 1.0
5.98989145 6.5681796 1.0
6.85478943 6.6759257 1.0
6.18250538 4.5810426 1.0
6.33329345 5.7800342 1.0
3.15036301 1.9785984 -1.0
3.7555214  2.8920805 -1.0
6.81585452 6.5527262 1.0
7.17314194 8.5685047 1.0
6.51883644 6.2942987 1.0
2.82111308 3.6358473 -1.0
1.48741861 2.6908237 -1.0
3.4784904  2.1378977 -1.0
1.41119142 2.7447118 -1.0
6.75098468 5.8421008 1.0
3.29188343 2.8096304 -1.0
1.59120478 3.8685755 -1.0
2.70200972 2.9908044 -1.0
1.57295611 2.3956116 -1.0
7.18227862 6.2284013 1.0
7.54157764 6.8207797 1.0
8.33044132 9.5430811 1.0
4.40053712 3.7834156 -1.0
6.54636919 6.7120394 1.0
1.52977869 2.2739651 -1.0
2.62108408 3.2317627 -1.0
5.31529514 3.2569282 -1.0
1.96747091 1.9401989 -1.0
2.36099172 3.1053016 -1.0
5.84131816 6.5314066 1.0
3.21475006 2.5870494 -1.0
8.34201056 7.6350485 1.0
6.97407263 5.8290191 1.0
2.90392447 1.8127844 -1.0
7.31754598 7.5158031 1.0
2.67154402 2.3986336 -1.0
-0.1807962   4.1429371 -1.0
6.75604227 7.8323384 1.0
2.60847426 5.0268948 -1.0
6.33419173 7.74367   1.0
8.0193638  7.0279580 1.0
6.85797614 5.9822768 1.0
6.13704891 8.4566708 1.0
3.75763823 2.3517437 -1.0
7.43447534 7.5230173 1.0
6.56196949 8.8584663 1.0
3.9781909  1.8222172 -1.0
1.94479166 1.5738594 -1.0
7.25494552 6.6725012 1.0
4.27334004 2.8341621 -1.0
5.95756841 6.9505181 1.0
5.51646756 6.1801161 1.0
6.96483442 7.1892538 1.0
7.16915823 7.0565913 1.0
2.98501999 3.3150953 -1.0
1.73665015 3.0733954 -1.0
6.9605663  7.4649556 1.0
5.26669195 7.9388811 1.0
8.77429379 7.4556138 1.0
8.10229014 6.982597  1.0
2.26373463 3.6948865 -1.0
5.616986   5.9749655 1.0
9.20257079 9.3660133 1.0
7.96172736 7.1191933 1.0
4.50689941 2.1775513 -1.0
6.00357596 7.2345503 1.0
5.84760288 6.6895075 1.0
3.23139541 0.8087731 -1.0
2.53384649 3.1827328 -1.0
7.79074735 6.4457643 1.0
10.24161604  8.4071752 1.0
4.31826879 5.2665564 -1.0
9.92624489 7.3842273 1.0
3.93477355 3.7723896 -1.0
8.00538739 6.1113561 1.0
2.67411575 4.1421618 -1.0
2.5496552  3.5915135 -1.0
1.43233166 3.6928708 -1.0
7.62747233 7.0664672 1.0
3.89443598 4.3917669 -1.0
1.8197738  1.7665385 -1.0
2.87660025 4.3381358 -1.0
8.31987694 6.7257344 1.0
3.85376311 3.0506216 -1.0
6.72609206 5.9251126 1.0
1.62871768 2.7901704 -1.0
4.36469034 6.3036912 1.0
2.51227442 2.9352185 -1.0
5.98713289 7.1986173 1.0
1.78346957 1.5627464 -1.0
3.05921966 2.8335979 -1.0
5.86593225 7.2881146 1.0
2.17069475 3.9940279 -1.0
7.57762632 7.5615779 1.0
4.99696154 6.9823994 1.0
2.60751803 1.6249217 -1.0
2.60496281 2.0250353 -1.0
1.78489124 4.1481938 -1.0
2.32341829 3.4419291 -1.0
4.05853217 3.7565737 -1.0
4.2512699  1.2267872 -1.0
7.07013099 8.6974746 1.0
7.47791251 7.6668059 1.0
6.12442306 2.3847061 -1.0
6.52574765 6.9617452 1.0
2.8810962  3.6436239 -1.0
2.92431575 3.6226579 -1.0
2.8922911  3.3780815 -1.0
3.811174   2.9523651 -1.0
3.37166902 2.1779948 -1.0
3.62666844 3.7618226 -1.0
3.8837002  2.5848174 -1.0
2.02703609 4.1585123 -1.0
3.97083657 1.4936622 -1.0
3.40432332 1.4831411 -1.0
6.26271529 6.6548618 1.0
1.79206428 4.7090486 -1.0
3.52745355 3.0926675 -1.0
4.8720379  7.3652571 1.0
7.29820181 6.9922360 1.0
2.50646762 2.3713601 -1.0
4.53592838 2.0541706 -1.0
6.70320055 8.9912989 1.0
6.74772417 6.3372348 1.0
3.40470494 2.8465585 -1.0
6.66374924 8.4968923 1.0
1.44728276 4.7592033 -1.0
8.10185669 7.2325260 1.0
1.88244264 2.1586381 -1.0
6.83303088 5.3963808 1.0
2.07346354 4.0141377 -1.0
2.02059318 3.3222890 -1.0
3.84377468 2.6137838 -1.0
6.51657268 7.0839687 1.0
7.7055541  7.9654730 1.0
5.79544569 6.9404913 1.0
7.94782696 8.2187787 1.0
8.00797952 7.2411173 1.0
7.94062446 6.4413516 1.0
6.6844071  7.4298912 1.0
5.10093469 7.5924409 1.0
4.09463783 3.9691203 -1.0
2.52229941 3.5919029 -1.0
7.22565155 4.7804779 1.0
8.39915122 6.3423870 1.0
8.30709227 7.0810278 1.0
2.07144602 2.7108928 -1.0
3.71453371 2.9732053 -1.0
7.90627535 7.0190796 1.0
6.52087597 8.0923419 1.0
1.97378419 2.1800349 -1.0
2.52067878 3.9396126 -1.0
5.11683776 7.0860030 1.0
3.41572262 2.9005323 -1.0
6.04683689 4.7135657 1.0
2.30979433 4.3222559 -1.0
6.41493371 8.7218127 1.0
1.6883147  1.4090208 -1.0
4.38609385 2.0026730 -1.0
2.45824199 4.3223746 -1.0
8.16016364 5.9625058 1.0
6.51166878 7.1298553 1.0
7.24626593 7.1534605 1.0
2.75552725 2.5777317 -1.0
6.68890304 7.6828568 1.0
3.35464977 2.8311874 -1.0
7.584437   7.3342463 1.0
1.11295942 2.8628258 -1.0
5.24311444 5.1297035 1.0
7.52861788 7.5186559 1.0
4.39428888 2.8275530 -1.0
1.62050936 1.7298849 -1.0
1.76515098 1.6540470 -1.0
7.13546803 6.7137689 1.0
5.76690469 7.0306298 1.0
1.51607172 4.6827986 -1.0
7.08328793 5.8210350 1.0
3.13610454 3.8736040 -1.0
1.95870769 4.0366073 -1.0
8.94992193 7.8877866 1.0
7.60434371 4.1247885 1.0
5.82924988 6.0825298 1.0
2.92402316 2.7189719 -1.0
2.1874491  3.3545872 -1.0
7.34792259 7.6673458 1.0
3.1096031  3.4140988 -1.0
3.87388386 3.3814301 -1.0
9.02752622 6.4021699 1.0
6.98222486 6.0240602 1.0
5.0753136  4.1574560 -1.0
7.55480587 7.1838304 1.0
3.38540329 3.3008885 -1.0
2.89352296 3.3853316 -1.0
2.69871817 3.5246284 -1.0
7.90899678 6.8820954 1.0
2.90100076 1.2839089 -1.0
3.31630775 1.5259670 -1.0
2.97817104 1.0341297 -1.0
5.14345539 2.7407591 -1.0
6.37694152 9.2980867 1.0
5.64524453 5.0847873 1.0
3.44079424 3.3252813 -1.0
2.75077768 3.1122713 -1.0
2.16766044 3.0196952 -1.0
5.01444336 6.3700484 1.0
3.17441898 4.0996209 -1.0
6.38356528 6.9035738 1.0
8.51954034 7.7861526 1.0
3.59823433 1.9434138 -1.0
1.97891576 2.8212196 -1.0
7.31064432 7.8272413 1.0
2.56993861 2.6602116 -1.0
7.956585   7.9235276 1.0
6.24178613 7.7415759 1.0
7.35793411 7.1149182 1.0
2.54051879 2.4674138 -1.0
8.05696319 5.4607923 1.0
7.74418828 6.6033848 1.0
2.36021604 1.8585395 -1.0
6.11754244 7.9524273 1.0
6.4332852  8.3799957 1.0
6.72822764 5.837979  1.0
8.96514473 5.5106240 1.0
3.04726751 3.0265625 -1.0
7.29040458 7.2779085 1.0
3.37664621 2.9491427 -1.0
6.97186899 7.1384600 1.0
6.76308777 5.1171882 1.0
1.23461498 3.3767928 -1.0
5.82701363 7.0626403 1.0
2.47962745 2.8354941 -1.0
7.95561608 6.0600064 1.0
4.09074907 5.3022386 -1.0
3.31402803 1.9522595 -1.0
7.64177265 6.7672312 1.0
6.36328489 6.9504617 1.0
5.90589977 9.2839641 1.0
2.57850347 3.2831973 -1.0
8.28447631 7.1182017 1.0
5.87494058 7.7753523 1.0
0.45049628 2.7877152 -1.0
6.51518924 6.4797419 1.0
3.39262543 4.0474537 -1.0
2.41285273 2.4214104 -1.0
3.56328113 4.1207042 -1.0
3.373487  3.065877 -1.0
3.48685816 3.1099858 -1.0
7.30529941 8.6835569 1.0
4.27403146 2.8719103 -1.0
7.18592777 8.5202183 1.0
4.03090621 3.8531506 -1.0
7.10396123 7.8061107 1.0
6.73561717 8.5181991 1.0
3.94957836 1.9395326 -1.0
7.59683354 7.1320157 1.0
6.11354442 8.1026038 1.0
6.03376885 6.5537965 1.0
4.27440537 2.8479827 -1.0
2.3976594  2.7687547 -1.0
6.80843532 8.3397561 1.0
5.26511229 8.5977320 1.0
6.31220433 7.4193288 1.0
8.40727785 6.4638360 1.0
2.72170364 3.4666436 -1.0
2.56175482 4.3019167 -1.0
7.25360283 7.4500194 1.0
6.82437783 6.5420337 1.0
6.36496765 6.6281827 1.0
2.4616799  0.8617029 -1.0
2.23135627 1.9821783 -1.0
5.87242232 7.6961579 1.0
6.13928788 7.8423965 1.0
3.64079749 2.8261807 -1.0
1.60074875 3.2069854 -1.0
1.4628773  2.9067883 -1.0
2.36960048 4.0406662 -1.0
1.33596799 1.9080681 -1.0
7.32931214 9.0105412 1.0
9.35330263 7.6327799 1.0
6.48848918 5.9381286 1.0
6.77382133 7.0211244 1.0
1.07255722 2.7707234 -1.0
7.37045244 6.5813869 1.0
8.36069432 5.7931112 1.0
2.03920246 1.4361495 -1.0
8.04487493 8.1562251 1.0
1.82054054 3.0597051 -1.0
7.63429509 6.7024921 1.0
2.62055936 0.6245507 -1.0
2.36631585 1.9956415 -1.0
0.92175944 1.6857995 -1.0
4.02323652 2.2517564 -1.0
1.41495515 3.4125627 -1.0
7.10132163 6.5841131 1.0
3.50716882 1.5827887 -1.0
2.79165855 2.6047583 -1.0
5.42988983 7.1872090 1.0
7.28950882 5.6790260 1.0
6.45300782 5.6336245 1.0
7.63806674 7.9068363 1.0
4.33337067 3.3918225 -1.0
3.08773981 4.4855554 -1.0
5.13054803 6.4008120 1.0
6.27759499 6.7982128 1.0
 3.3599823  -0.3220512 -1.0
6.06247294 7.0958650 1.0
8.04190726 7.9858755 1.0
6.11390814 8.2962264 1.0
6.56144016 6.1764959 1.0
2.6102207  3.0735082 -1.0
7.29324556 6.727615  1.0
5.08215904 7.2463960 1.0
5.85117948 6.9592406 1.0
4.83514086 3.7421345 -1.0
2.68092937 3.1239503 -1.0
1.73620368 2.3022932 -1.0
6.88166403 5.6692502 1.0
6.53983011 7.4914522 1.0
0.75518511 1.5147965 -1.0
6.23729923 4.5564778 1.0
5.53514225 6.4102594 1.0
8.12870188 8.0662898 1.0
3.97698683 1.8406314 -1.0
5.90351566 6.7612212 1.0
3.52155534 3.9889289 -1.0
7.68321529 8.3526891 1.0
6.73235333 7.9592116 1.0
3.26953692 5.7359589 -1.0
4.9399879  7.3712778 1.0
1.67630554 3.1155589 -1.0
7.43471339 7.0520875 1.0
2.85978539 3.4122408 -1.0
7.01360339 5.8007079 1.0
8.00636027 8.1284889 1.0
6.86905346 7.1110351 1.0
8.61096455 6.8293638 1.0
8.65762026 5.1896002 1.0
2.36183    3.2194515 -1.0
7.29882683 7.2558720 1.0
7.46883934 6.8208956 1.0
2.59347239 2.9353944 -1.0
6.81678793 6.0482772 1.0
1.487713   3.7014956 -1.0
6.47953842 6.9899725 1.0
6.83001427 4.3650813 1.0
6.92561247 9.1223671 1.0
3.0199401  5.1703312 -1.0
7.59832663 8.0579553 1.0
2.76295425 3.1568062 -1.0
6.77287178 4.6266153 1.0
8.73902675 6.1153697 1.0
7.05787198 6.2939312 1.0
2.40946494 2.7283819 -1.0
6.84134196 6.9936965 1.0
4.5898347  2.6920270 -1.0
7.29320583 5.8763888 1.0
2.27384591 2.9179719 -1.0
6.78823746 6.9999764 1.0
5.4047301  3.5013783 -1.0
5.53418387 6.2606342 1.0
2.47636266 3.4826775 -1.0
6.32918461 5.4430388 1.0
2.11830478 3.0457307 -1.0
2.13068019 2.7894851 -1.0
7.30176197 8.2007193 1.0
5.87343342 6.8823524 1.0
2.10893856 4.2175045 -1.0
6.92481768 6.1875445 1.0
6.97939971 7.7519577 1.0
5.75832244 7.9781528 1.0
3.43756073 3.3583985 -1.0
5.31139803 1.7057267 -1.0
3.68446247 3.4487860 -1.0
6.39290892 6.9555587 1.0
2.77828965 4.6800495 -1.0
6.90162184 6.8462063 1.0
2.51095404 2.8510528 -1.0
7.51638925 7.7046335 1.0
3.95008619 2.9287104 -1.0
6.28434477 7.5472019 1.0
8.52066594 7.7568982 1.0
7.39016662 7.3162711 1.0
6.38872841 7.8066615 1.0
2.18801913 1.7997756 -1.0
3.79242338 2.0199117 -1.0
2.70689659 2.9871797 -1.0
7.63139129 7.2379738 1.0
5.84536075 6.9336947 1.0
5.58038097 8.8186689 1.0
6.38860222 7.3890837 1.0
3.21348443 2.1299374 -1.0
3.50268917 2.8682127 -1.0
5.39159463 7.3797513 1.0
6.91203837 6.2627153 1.0
1.06811036 3.4269553 -1.0
7.24863941 7.3237697 1.0
5.47871363 3.3936067 -1.0
7.637702   6.9295213 1.0
2.66751476 5.0007424 -1.0
7.31378749 5.7038189 1.0
7.60632216 8.7986491 1.0
9.43918511 9.1081597 1.0
4.99565898 2.5407990 -1.0
7.76935049 6.8517749 1.0
2.94745185 3.2418000 -1.0
2.85550507 1.6630584 -1.0
7.29738363 7.3226852 1.0
6.57043354 8.9356732 1.0
4.2076647  2.4744163 -1.0
4.13045253 3.3262221 -1.0
3.26091758 4.0771540 -1.0
9.10137827 7.5021384 1.0
6.84198982 7.2313649 1.0
6.52614105 6.9723216 1.0
6.8157042  8.5180431 1.0
7.52008973 7.1294008 1.0
8.21940207 6.6755886 1.0
6.7988495  5.7131048 1.0
7.44839318 7.6209255 1.0
2.47353854 2.2160562 -1.0
2.26649381 2.0494564 -1.0
3.42724964 3.5871436 -1.0
6.82594213 7.9004456 1.0
2.53364137 3.7065655 -1.0
9.01209989 8.0339369 1.0
7.73557008 6.0208773 1.0
4.0555194  3.8435697 -1.0
5.43231039 7.7593242 1.0
6.66870718 8.0834949 1.0
3.65255316 1.6882150 -1.0
6.82518782 6.0873679 1.0
6.47630963 6.3140813 1.0
1.17572969 3.4891955 -1.0
2.81507645 2.1429531 -1.0
0.93117913 2.0400160 -1.0
3.29541602 3.6115107 -1.0
2.48620835 3.5352237 -1.0
3.63970428 4.6278689 -1.0
2.28577394 3.3466565 -1.0
6.29374202 7.0471694 1.0
7.76123501 7.6390996 1.0
2.24741008 3.1261011 -1.0
7.93197771 6.6862295 1.0
4.89939811 1.3068786 -1.0
8.33109197 5.8632931 1.0
2.82205438 3.1978421 -1.0
6.39566194 6.4338468 1.0
7.02043751 7.4446641 1.0
6.29008385 8.6588718 1.0
3.32872218 3.3210442 -1.0
2.64779702 2.3589685 -1.0
6.04177047 7.1444619 1.0
6.74353224 7.0301125 1.0
6.00539203 5.7599661 1.0
7.40055817 6.4116564 1.0
6.81197843 8.0417375 1.0
7.31521411 7.2545253 1.0
2.49486962 1.2714830 -1.0
7.12858494 7.5447389 1.0
2.99352571 3.3275642 -1.0
6.71384114 6.8125515 1.0
7.05514572 7.1206722 1.0
7.7363785  7.4744000 1.0
3.56123317 2.3911018 -1.0
2.89266412 3.3388546 -1.0
7.81261901 8.6991801 1.0
4.06285868 2.8302640 -1.0
4.10546288 2.6874057 -1.0
6.02940881 6.1718037 1.0
4.79596318 1.7507352 -1.0
6.7445933  8.3143851 1.0
7.40019716 7.8531930 1.0
2.74390372 2.1528848 -1.0
3.2589867  2.4018169 -1.0
1.58567945 3.8423724 -1.0
7.09267326 5.6191670 1.0
4.79077661 6.2624841 1.0
2.92949324 2.3128209 -1.0
0.82098707 4.2552959 -1.0
4.27119371 5.2882855 -1.0
7.42170154 6.8669427 1.0
8.82692618 7.5881920 1.0
-0.91334701  4.9889066 -1.0
7.41606093 5.0845609 1.0
8.88506207 5.5937702 1.0
2.8250686  4.6800902 -1.0
7.79979293 9.0437458 1.0
3.41012451 3.5711635 -1.0
1.99060189 2.6719916 -1.0
1.2223256  1.6275776 -1.0
3.6829831  2.1413292 -1.0
2.95883432 2.9956753 -1.0
8.64300891 7.3203427 1.0
7.40974139 5.8019902 1.0
2.35958449 2.4935091 -1.0
4.59911336 2.3070195 -1.0
5.99835802 7.0927646 1.0
3.67386338 2.8883952 -1.0
2.08791488 3.6971683 -1.0
1.78631088 3.3516451 -1.0
7.13364371 7.2633330 1.0
7.23976603 7.5051796 1.0
2.08135842 2.8096127 -1.0
4.19186719 3.8521028 -1.0
6.85494052 6.2184318 1.0
6.76347905 6.8105755 1.0
6.77154991 7.4008747 1.0
1.91592567 2.6683664 -1.0
5.76829157 6.9893318 1.0
7.14191379 7.8453189 1.0
7.35733679 8.5685961 1.0
6.75191226 6.5522420 1.0
4.21817528 2.3485956 -1.0
7.14148181 6.1641325 1.0
7.72177143 7.1261784 1.0
6.98006395 6.6376195 1.0
6.47545597 7.1822703 1.0
5.46609011 7.7631995 1.0
7.0881178  5.8900622 1.0
3.33879384 4.3544800 -1.0
4.76388037 7.7055533 1.0
4.34722385 2.1771554 -1.0
7.85011806 8.8257950 1.0
3.7292808  2.3824657 -1.0
2.55056789 5.3100987 -1.0
8.28298671 4.6105096 1.0
5.95276555 6.5252947 1.0
6.94120013 6.6012435 1.0
3.75512829 2.9027057 -1.0
3.23484054 2.2622669 -1.0
7.03583788 7.9705909 1.0
3.85406307 2.4883131 -1.0
1.42723435 3.7676066 -1.0
3.23169893 3.1623621 -1.0
7.95444386 7.1015791 1.0
6.27248842 7.7313961 1.0
4.14306901 2.5040623 -1.0
5.81315406 4.9895114 1.0
6.90239795 9.0575215 1.0
3.63986015 1.1825668 -1.0
4.32930319 1.3754901 -1.0
5.13788109 2.8671589 -1.0
2.87546676 2.3387020 -1.0
7.75215568 5.8732256 1.0
8.02468231 8.0248082 1.0
7.92068014 6.4604228 1.0
6.15222223 7.7705255 1.0
6.54420532 8.1253044 1.0
3.63185726 3.5533686 -1.0
7.14460165 6.1939454 1.0
2.93869394 3.3908267 -1.0
8.39988031 4.8557598 1.0
3.82140512 3.3443819 -1.0
2.31880176 3.1498397 -1.0
8.06211282 8.1264568 1.0
3.79507066 4.8188203 -1.0
7.83611979 7.602155  1.0
7.73224921 6.8907891 1.0
7.74395062 7.1746902 1.0
2.47709671 2.6890419 -1.0
2.82274057 3.2648629 -1.0
2.97360929 2.3040357 -1.0
3.63834941 2.9077093 -1.0
2.25419832 2.2396101 -1.0
7.83600522 6.3928710 1.0
8.74603607 6.5185934 1.0
4.98213996 8.1068459 1.0
6.52018896 6.4555625 1.0
7.45995883 6.3800170 1.0
5.49318565 8.6022064 1.0
3.22409006 1.8286304 -1.0
2.5791312  2.7189235 -1.0
3.52350017 2.2105266 -1.0
8.17569794 6.8649242 1.0
6.28294892 4.5206662 1.0
4.72070357 7.6513859 1.0
9.46430295 5.6468473 1.0
7.40374149 7.1181318 1.0
3.92949734 2.5183181 -1.0
5.76411099 5.0356284 1.0
3.57664323 2.6465798 -1.0
4.86848397 6.0941575 1.0
2.6222979 1.812531 -1.0
7.56035997 7.6966287 1.0
2.98748854 2.6455869 -1.0
