7.31993122 6.4775293 1.0
7.1424515  7.7655777 1.0
6.45093578 7.6072786 1.0
2.78327675 3.2206870 -1.0
3.53511641 3.4396131 -1.0
7.09501941 8.6741658 1.0
3.14180022 1.8384710 -1.0
3.66120529 4.2512228 -1.0
7.36779866 6.6590197 1.0
2.82487976 1.6299266 -1.0
6.33984193 5.3840553 1.0
2.60151174 4.2607944 -1.0
7.07746567 6.9437150 1.0
7.36537404 5.1450385 1.0
6.13330772 9.2833818 1.0
4.51160404 5.7921534 1.0
6.8388958  6.1979602 1.0
2.67699513 3.7734373 -1.0
3.89014769 3.9477623 -1.0
6.67556736 7.4809042 1.0
3.53373609 0.896217  -1.0
3.01740018 2.7930585 -1.0
2.55981546 3.9705762 -1.0
2.52784522 3.7818338 -1.0
7.58548836 5.0219612 1.0
1.42117112 2.1544087 -1.0
2.46406596 3.0575399 -1.0
5.67680229 5.8000824 1.0
5.82602926 7.2339024 1.0
7.5772481  7.5092984 1.0
5.62153909 6.9521913 1.0
2.84268363 3.3578827 -1.0
7.59340441 7.2804493 1.0
7.25492252 8.3798318 1.0
2.74807242 2.6285162 -1.0
6.25778765 5.4514246 1.0
3.87032679 1.9055226 -1.0
7.82113332 7.2091675 1.0
7.31788371 5.5025067 1.0
2.62421049 2.5857058 -1.0
7.39825826 7.1443895 1.0
7.45975734 6.7701912 1.0
3.14659721 3.0517083 -1.0
8.24644293 6.2421416 1.0
5.95138022 6.6199883 1.0
3.33886571 4.0282931 -1.0
3.50828439 3.0451897 -1.0
7.74961013 6.0758029 1.0
1.24611615 2.3139831 -1.0
6.87420672 7.1258072 1.0
3.35691968 2.6458559 -1.0
5.87768612 7.8353299 1.0
8.34274325 7.0405835 1.0
4.37317221 2.5474781 -1.0
8.70684305 6.9139685 1.0
6.61316826 6.0005810 1.0
4.72760107 5.8114395 1.0
7.62871937 8.6571470 1.0
6.93643108 6.1929939 1.0
4.06409492 4.6028271 -1.0
7.53082409 8.0032961 1.0
7.27585283 8.3665249 1.0
9.80753442 8.9042995 1.0
3.60094259 3.6382998 -1.0
6.14947749 7.2812693 1.0
3.20746976 2.9643902 -1.0
5.37332331 7.7291238 1.0
7.61885499 8.1168467 1.0
3.45717179 4.1141324 -1.0
4.39013089 3.7249999 -1.0
6.40640118 5.8670245 1.0
2.38741672 4.8409002 -1.0
7.79880119 7.4226448 1.0
3.39240859 1.8750936 -1.0
5.9362057  6.9429617 1.0
5.07799316 2.1006294 -1.0
2.77656906 2.8151026 -1.0
4.5910795  2.4257414 -1.0
4.76151938 8.5816222 1.0
8.28874769 5.7439488 1.0
5.53405173 6.1539516 1.0
1.27234842 3.5458396 -1.0
4.81238068 2.6826559 -1.0
7.06712584 7.4559425 1.0
6.55399792 6.9118325 1.0
7.72445076 6.7095372 1.0
5.34185734 2.8575469 -1.0
4.15923199 1.8661694 -1.0
2.64764731 4.3095987 -1.0
6.72469466 6.2623476 1.0
3.9693613  2.1589996 -1.0
3.20502673 3.2624781 -1.0
6.55776824 6.6671636 1.0
4.12524749 1.7761519 -1.0
2.82655141 2.8811706 -1.0
2.13970247 1.2855805 -1.0
2.37320739 3.2498954 -1.0
2.77260933 2.3132803 -1.0
3.48699393 4.4637154 -1.0
5.71117515 7.2925885 1.0
1.49375222 1.2435396 -1.0
5.84710257 7.4952524 1.0
7.38892484 8.1048217 1.0
5.29194561 5.5599106 1.0
3.42208815 2.1408179 -1.0
4.04615655 3.3689751 -1.0
7.88403831 7.1238253 1.0
6.46986146 7.0883654 1.0
8.39201671 5.9915244 1.0
2.23927554 1.561891  -1.0
2.19166829 2.3740282 -1.0
3.53925567 3.4856025 -1.0
6.42598198 5.0083528 1.0
6.69293281 6.7438451 1.0
7.0320649  6.8318384 1.0
1.52668444 3.3250411 -1.0
7.14174867 7.1942156 1.0
1.80000867 4.2787695 -1.0
3.14916094 3.4003320 -1.0
2.69104454 3.0316628 -1.0
7.35345827 5.3423491 1.0
3.4760259  2.7249959 -1.0
2.56993087 3.7451632 -1.0
4.39380328 2.4378851 -1.0
7.25594472 6.1884562 1.0
4.03831082 3.7465553 -1.0
3.08007678 3.9256155 -1.0
5.41974108 3.3499469 -1.0
5.507003   5.7789495 1.0
5.14577096 8.0416711 1.0
5.78690726 7.2604435 1.0
4.75724028 4.4766015 -1.0
4.03319862 1.9450476 -1.0
4.79687228 1.7715990 -1.0
8.00961003 5.2022301 1.0
4.25122457 1.8137317 -1.0
2.99862779 3.1925851 -1.0
7.57791308 7.0278693 1.0
4.40339371 2.9770049 -1.0
2.49619894 4.3262103 -1.0
7.45862083 6.5073743 1.0
3.09624122 1.6461092 -1.0
7.08410326 6.0482301 1.0
7.98976214 6.828121  1.0
6.41208165 6.4890511 1.0
4.86119456 7.3056381 1.0
6.16227314 5.7491655 1.0
3.72480272 2.7329734 -1.0
7.78611545 6.3079858 1.0
6.42714911 7.8154391 1.0
7.00963271 5.5702083 1.0
6.89089361 6.5462739 1.0
0.99038587 3.8018796 -1.0
8.81926957 5.4097451 1.0
2.86852083 4.5359739 -1.0
2.11149119 2.6049002 -1.0
2.14287619 3.7159159 -1.0
6.33485134 5.2734366 1.0
7.03200003 6.0970209 1.0
3.00614216 3.5123122 -1.0
6.93774713 7.5511691 1.0
6.3545252  8.6338413 1.0
3.00533607 3.1275715 -1.0
6.65257165 6.5737998 1.0
1.93698858 0.7465782 -1.0
6.56162864 6.7061247 1.0
8.86729098 5.9831559 1.0
6.37429135 7.9009489 1.0
1.79310912 2.2236273 -1.0
8.26053225 8.0688028 1.0
4.07912206 2.5505909 -1.0
6.71805415 7.6103849 1.0
7.22701324 5.9445972 1.0
3.54407332 2.9994615 -1.0
2.72136489 3.6912820 -1.0
7.59669404 7.3856145 1.0
8.03406682 6.4065892 1.0
4.07450477 2.7288587 -1.0
1.4536086 3.078446 -1.0
2.30612676 1.8575138 -1.0
3.26427731 3.5647685 -1.0
7.74823307 7.2880459 1.0
1.96867614 3.1374319 -1.0
7.07535785 9.9050166 1.0
6.5247987  7.4177973 1.0
8.29216453 5.2472660 1.0
2.9157037  3.5021098 -1.0
2.45338973 5.1992826 -1.0
5.74876063 6.8794924 1.0
3.81259782 3.6936493 -1.0
7.70908249 6.3011057 1.0
8.63780444 6.4800691 1.0
8.90690164 7.1483228 1.0
3.63749392 2.8307374 -1.0
4.10377494 1.4637909 -1.0
1.04772459 1.9780491 -1.0
2.80062351 4.8152861 -1.0
3.06388743 1.2764544 -1.0
2.77304174 1.3792608 -1.0
4.50188736 2.6212830 -1.0
8.3428966  7.5718734 1.0
8.06310026 7.2448083 1.0
2.0743661  3.5068696 -1.0
6.81420324 7.9295231 1.0
6.30274219 7.8680233 1.0
4.5080657 2.642745 -1.0
5.41148829 6.3956816 1.0
6.24510318 8.2478777 1.0
6.35204055 6.6076732 1.0
3.12998192 2.9411572 -1.0
5.65791625 6.4293158 1.0
6.62686596 8.4522292 1.0
1.68804237 1.7995404 -1.0
2.60237515 2.7417577 -1.0
7.44774094 7.8220883 1.0
6.63458064 7.0697684 1.0
6.58987529 5.3837193 1.0
7.77746278 9.7684186 1.0
6.15263572 7.6977250 1.0
4.7555363  7.0712823 1.0
2.70745253 2.9125517 -1.0
7.60403349 6.5818191 1.0
5.20500043 1.4338924 -1.0
2.45055854 2.1048485 -1.0
8.03538184 6.9814462 1.0
1.63615432 2.8796207 -1.0
2.66940459 2.1742782 -1.0
1.94952937 1.9674724 -1.0
2.7516437  2.2847559 -1.0
3.14553849 2.0404748 -1.0
1.67443999 4.1526601 -1.0
9.19549124 5.5639899 1.0
6.0532657  8.3106214 1.0
2.89455722 3.9698448 -1.0
1.30106592 2.9657965 -1.0
1.89416712 1.1638637 -1.0
3.81625671 2.5058713 -1.0
0.9571695  2.6598238 -1.0
7.59185769 8.0414518 1.0
7.50002141 6.8688266 1.0
6.28246449 6.4884975 1.0
6.6090012 7.067935 1.0
6.47506283 5.996635  1.0
6.75045463 6.3944723 1.0
6.52656751 8.5938872 1.0
5.78832338 8.9139583 1.0
2.99202334 3.8890204 -1.0
2.14444857 4.6624678 -1.0
1.94853341 1.2193638 -1.0
7.42712444 5.7326411 1.0
4.81628519 8.2415215 1.0
6.8106912  7.1186819 1.0
7.07549623 5.3459868 1.0
2.31091809 2.6814245 -1.0
6.3231558  6.0109931 1.0
6.43574997 6.6251915 1.0
7.34406082 6.9932810 1.0
2.6881014  2.8600987 -1.0
2.44761586 3.7249572 -1.0
3.10980121 3.5584511 -1.0
6.55657105 5.8569386 1.0
6.96051035 6.0996659 1.0
7.62365928 6.4197235 1.0
6.92943572 8.3348924 1.0
5.92851205 6.6068395 1.0
6.5259688  4.7718990 1.0
8.0320923 5.833488 1.0
2.70318427 4.6276886 -1.0
7.33427077 6.9536740 1.0
3.97615026 2.3017510 -1.0
7.02973051 8.1883263 1.0
7.9627732  7.2901085 1.0
2.11617742 1.3984424 -1.0
6.35997072 7.5706155 1.0
3.33799858 4.3660130 -1.0
7.13511359 7.3730447 1.0
2.51203182 2.2326118 -1.0
4.77547814 3.9922780 -1.0
7.60806569 8.2516400 1.0
7.56347913 7.7229636 1.0
3.70400608 3.3595573 -1.0
3.57867003 4.9719942 -1.0
6.71829388 6.4389435 1.0
2.23971346 1.6525317 -1.0
6.43907918 9.2266093 1.0
7.80694048 4.7470381 1.0
5.47598355 8.0265364 1.0
1.27368818 2.4972293 -1.0
2.88480257 4.3006140 -1.0
6.19997422 6.4766571 1.0
1.81107113 3.9339283 -1.0
3.61203234 3.3091227 -1.0
3.82366502 1.5620595 -1.0
1.60776104 2.6018163 -1.0
8.09725945 6.1550107 1.0
3.07096918 3.3627614 -1.0
1.74775078 2.8498051 -1.0
1.93829247 3.0023217 -1.0
6.08500823 5.9990215 1.0
8.11354364 7.6047475 1.0
2.9966514  4.0074173 -1.0
9.16014301 6.3740282 1.0
3.00426198 3.3809792 -1.0
3.37441372 2.4540715 -1.0
3.33678609 4.3307657 -1.0
1.06835974 2.3499204 -1.0
5.80681568 9.9962918 1.0
1.78475361 2.1872865 -1.0
8.53027571 9.2599724 1.0
6.36071911 6.3609432 1.0
7.05215118 7.7740048 1.0
5.66868148 8.4441209 1.0
5.15374084 7.1972273 1.0
7.33571186 7.8702911 1.0
6.33790838 6.2830874 1.0
3.59288154 2.0480726 -1.0
5.696817   7.6407019 1.0
6.66666559 8.4840437 1.0
6.49679912 7.9917646 1.0
6.55841349 8.1309436 1.0
3.31456337 2.7187466 -1.0
5.79216149 6.4755597 1.0
7.82188113 6.9312454 1.0
1.39642354 4.0659279 -1.0
3.40042554 4.0338805 -1.0
3.22959948 2.8474554 -1.0
2.99319971 4.6401637 -1.0
6.35458856 6.0494488 1.0
6.96686405 5.8477129 1.0
4.44280696 8.4613178 1.0
1.51000416 4.1489782 -1.0
7.79435135 7.1428726 1.0
2.30097284 4.4467569 -1.0
6.92677228 7.4727986 1.0
7.1953576  7.4385896 1.0
4.57949174 4.2653329 -1.0
3.04279398 3.7389662 -1.0
9.18248894 6.9360409 1.0
2.34381543 1.7769856 -1.0
6.80816176 7.5796871 1.0
1.95757345 2.1666574 -1.0
6.13962947 7.0122704 1.0
1.0966042  5.3275269 -1.0
4.35110377 3.6121807 -1.0
1.32784893 0.7041487 -1.0
9.01052552 8.0776954 1.0
3.26540913 3.0199953 -1.0
7.0809746  7.6233523 1.0
8.13647466 7.6826182 1.0
0.94308285 3.6808003 -1.0
6.77396441 7.3881604 1.0
7.63870268 6.6920367 1.0
4.13468905 6.7263020 1.0
2.20784504 4.3164517 -1.0
2.89974016 4.4373554 -1.0
7.7315679  4.7571940 1.0
4.35980942 5.7714230 1.0
4.29342739 2.8715067 -1.0
3.26353727 3.9803655 -1.0
2.40514751 2.7817240 -1.0
3.37922323 4.9649139 -1.0
6.31901573 6.8444892 1.0
3.78504614 3.1387912 -1.0
3.62055429 1.8170675 -1.0
6.24419965 5.7568739 1.0
6.9578125  5.9650181 1.0
6.4842478  5.6644266 1.0
7.99835209 8.0724101 1.0
5.89863296 7.2148854 1.0
6.18999975 7.9006577 1.0
2.45678186 3.5764806 -1.0
8.24285967 6.1068043 1.0
5.06294389 2.4767249 -1.0
2.91883086 2.2562143 -1.0
6.80018882 7.0582543 1.0
5.01630138 8.0985116 1.0
3.41644474 4.0673408 -1.0
2.65260127 4.0048938 -1.0
6.90723781 4.7447037 1.0
7.39672901 5.4491999 1.0
8.1437399  6.4137973 1.0
2.21564136 2.0973559 -1.0
7.82205282 6.9658526 1.0
7.40183762 7.663254  1.0
8.139958   6.9138959 1.0
6.21965146 8.4126778 1.0
6.12572343 4.8179529 1.0
7.39979548 6.8187757 1.0
1.88210488 5.6956771 -1.0
8.13694885 7.4091163 1.0
8.89601753 8.5492902 1.0
6.85289125 5.568142  1.0
5.20733354 3.4704413 -1.0
3.74538267 2.0952932 -1.0
7.12801255 5.6100735 1.0
8.18101201 7.5392517 1.0
3.16563063 2.8020483 -1.0
7.68581979 6.2801384 1.0
7.02255424 6.7799950 1.0
6.91413104 4.0377220 1.0
3.49829189 3.1462862 -1.0
0.2751895  4.4020496 -1.0
2.52064464 3.4004288 -1.0
2.86443384 3.7636139 -1.0
4.65813272 2.4595169 -1.0
2.52997931 3.3352669 -1.0
1.55693774 3.0711143 -1.0
7.39454483 7.0481294 1.0
4.24364377 4.2647274 -1.0
5.64606774 2.0995640 -1.0
7.12796582 7.3906214 1.0
6.13325133 5.7959825 1.0
8.5748147 9.211846 1.0
3.13760411 4.2881083 -1.0
0.92005317 3.1046203 -1.0
2.39622039 3.3887459 -1.0
9.42820167 7.8179444 1.0
8.35702081 7.2275052 1.0
0.90573818 3.5206245 -1.0
2.69869887 3.2542456 -1.0
8.06103001 6.6890371 1.0
4.34852975 3.7227802 -1.0
6.016598   8.0008115 1.0
1.45437741 2.3125987 -1.0
4.06701384 3.8568120 -1.0
6.23937995 7.3084452 1.0
4.39222919 1.5773904 -1.0
6.87472259 9.5428513 1.0
8.65684597 5.8466718 1.0
2.29915518 4.7448748 -1.0
7.14166017 7.8947524 1.0
2.08922903 3.3902161 -1.0
3.56586574 3.0438572 -1.0
3.17530325 2.2326825 -1.0
3.10794506 3.7555345 -1.0
6.38304209 7.9816488 1.0
2.60772164 2.4733743 -1.0
6.89916652 8.6946903 1.0
7.92264194 8.1139692 1.0
2.39663252 1.9464117 -1.0
4.99900393 1.6594096 -1.0
7.00192584 6.6958830 1.0
3.56316089 2.1682551 -1.0
6.92899749 8.7992669 1.0
1.76623169 1.7850234 -1.0
7.38764281 5.7875411 1.0
6.75058297 8.1276835 1.0
8.48383074 7.0725474 1.0
1.97581835 3.6071020 -1.0
3.25328241 3.8501590 -1.0
5.82437247 7.0514662 1.0
3.70925317 2.1119614 -1.0
1.61656742 3.7059316 -1.0
6.76969673 6.9180893 1.0
9.29327284 8.7649211 1.0
4.10137969 3.8516069 -1.0
1.90907435 2.7109578 -1.0
2.69419932 2.3236832 -1.0
4.10348631 2.8987632 -1.0
2.8361758  1.0623903 -1.0
4.64839392 2.2487386 -1.0
4.06822847 1.5544303 -1.0
7.21655592 6.4169562 1.0
6.79423023 7.0279560 1.0
6.32327913 7.2696549 1.0
4.41056445 2.7488202 -1.0
2.24572945 4.5198411 -1.0
7.31449511 6.0037518 1.0
6.44975288 7.9371939 1.0
2.91596221 5.3052853 -1.0
6.69887886 7.2706892 1.0
6.10345953 5.9362082 1.0
4.11024529 3.2329383 -1.0
8.78472852 4.9017218 1.0
8.4849925  7.8890622 1.0
3.23083025 3.1386280 -1.0
7.54369514 6.9935089 1.0
8.4479928  6.2071557 1.0
6.46289981 5.9232163 1.0
6.33599246 5.8536311 1.0
7.76262368 6.5495216 1.0
8.63652806 7.8420743 1.0
3.23414166 3.0755216 -1.0
6.83176357 5.9338556 1.0
7.30771573 7.6833455 1.0
4.72863718 3.1636392 -1.0
0.90025582 4.6508147 -1.0
1.21376867 2.9298023 -1.0
3.58802215 4.4640506 -1.0
3.65191664 2.5148163 -1.0
2.4149536 3.706109 -1.0
7.7353777  5.8106567 1.0
3.5896165  2.4083896 -1.0
7.9679276  7.5748179 1.0
2.89889185 2.2278048 -1.0
7.0920554  5.8006401 1.0
3.40221342 2.2319471 -1.0
7.92255686 8.3995496 1.0
3.85319943 2.6141782 -1.0
6.50616891 6.7332499 1.0
3.98828488 1.0856909 -1.0
3.49379828 3.7632046 -1.0
5.84471036 7.1995394 1.0
4.7242351  3.0433839 -1.0
6.64997581 7.1685633 1.0
8.32222595 7.0215085 1.0
0.94557175 3.4343070 -1.0
2.89639311 1.6310323 -1.0
1.73216845 4.5333005 -1.0
3.03937654 2.4569073 -1.0
4.09851366 2.0984116 -1.0
2.52046852 4.2177183 -1.0
7.26582601 7.5003128 1.0
4.33420383 4.0887205 -1.0
7.60425071 4.5775512 1.0
0.83466429 3.9150732 -1.0
7.62821098 5.6600523 1.0
6.4614327  7.3913230 1.0
4.74570036 6.3419807 1.0
4.04461553 4.4665875 -1.0
2.64967586 2.0072030 -1.0
6.82141748 6.4214891 1.0
1.80916185 3.3216087 -1.0
3.47626232 2.2020142 -1.0
7.06444248 6.7434992 1.0
9.77979506 6.2523323 1.0
2.88969206 2.1128213 -1.0
7.55677929 6.6070512 1.0
2.67824484 4.5551284 -1.0
6.24335212 4.8675257 1.0
6.12737041 6.3510921 1.0
5.98523202 7.2824263 1.0
5.06139168 3.3376224 -1.0
3.42736291 3.1425575 -1.0
6.00877341 7.6238702 1.0
7.28384433 7.3411376 1.0
4.84417654 5.7572980 1.0
6.20637169 7.2593313 1.0
1.73875469 3.2976645 -1.0
2.40059392 1.8874457 -1.0
3.45341858 2.6030783 -1.0
6.93827868 6.4606196 1.0
6.53593622 7.0884121 1.0
7.93383913 9.0331347 1.0
5.77943677 6.728802  1.0
4.30406874 2.3231921 -1.0
4.0038001  2.2564065 -1.0
6.35216701 6.8925577 1.0
6.82326076 8.2967075 1.0
6.61625032 6.5143651 1.0
4.07222923 3.7613107 -1.0
3.17546529 2.9625013 -1.0
3.13178336 5.2799223 -1.0
8.63130958 6.7342302 1.0
7.67851778 6.4698904 1.0
5.41467942 6.0253283 1.0
1.90738833 3.6489359 -1.0
3.35534375 3.1893193 -1.0
6.36727676 7.7194459 1.0
3.72347289 0.6630308 -1.0
2.04755658 3.4684056 -1.0
7.98489287 5.6127489 1.0
2.96442696 3.2415040 -1.0
6.70220598 7.2469766 1.0
7.69700911 6.9342162 1.0
2.44945417 2.6742967 -1.0
1.66872519 2.3292064 -1.0
2.33828909 4.6508917 -1.0
4.81976772 7.1850723 1.0
2.20042404 3.2203369 -1.0
2.76564817 3.6031279 -1.0
2.53159696 4.125006  -1.0
7.10615299 6.8925505 1.0
2.38606161 2.9496118 -1.0
3.66255044 4.1307965 -1.0
2.69290932 3.4561011 -1.0
7.45009206 6.1389495 1.0
6.02568025 7.4396026 1.0
9.72249485 7.6000689 1.0
3.54697165 3.1229681 -1.0
2.53977209 3.6590771 -1.0
8.09051554 7.1511455 1.0
6.43394403 5.7350412 1.0
2.58997368 2.6029765 -1.0
3.34292979 3.2707863 -1.0
3.87609497 3.3739616 -1.0
7.8372702  6.6894979 1.0
2.71856684 3.8653606 -1.0
8.04019032 7.0135542 1.0
2.90965341 3.1902589 -1.0
5.87699167 5.613189  1.0
8.16485361 6.6139020 1.0
4.63252475 2.8353869 -1.0
5.28315242 2.4573775 -1.0
3.87126775 2.3966433 -1.0
5.87272617 6.3938482 1.0
7.13924748 6.8030897 1.0
5.99875466 7.2506837 1.0
3.48120855 2.3879755 -1.0
6.11976619 7.0741620 1.0
8.47837728 8.4006583 1.0
1.32411391 1.6974604 -1.0
7.21203713 6.9026665 1.0
2.88131067 1.4453531 -1.0
5.82935962 7.9084119 1.0
2.56660332 4.0141518 -1.0
6.65451367 5.5758348 1.0
2.78524578 1.8520261 -1.0
2.83350713 0.7859696 -1.0
3.07498088 4.7926095 -1.0
8.70165056 6.8945701 1.0
7.31764684 9.4340393 1.0
5.53170186 6.9487693 1.0
2.0892537  3.7946822 -1.0
5.58423814 6.3933904 1.0
7.16141996 6.6087939 1.0
7.99259565 6.0462715 1.0
1.03443564 4.1566705 -1.0
2.01365352 2.2213923 -1.0
7.23999372 8.3898147 1.0
7.35546401 7.0509868 1.0
1.36148557 5.4256681 -1.0
6.37364818 6.9762391 1.0
8.1623423 8.092468 1.0
1.07052593 2.4148830 -1.0
2.89351782 3.4829681 -1.0
2.66021763 1.1271752 -1.0
6.9877836  8.9348156 1.0
2.12851826 3.4087852 -1.0
6.89146235 7.3608205 1.0
6.24010429 1.7434061 -1.0
6.25963357 5.7932505 1.0
3.610419   1.5057666 -1.0
7.07861533 6.8188329 1.0
8.58056227 5.7595682 1.0
6.84999276 5.4669825 1.0
2.58430257 1.9908454 -1.0
2.67319434 1.8305628 -1.0
6.49989358 7.1259011 1.0
3.39856912 3.9695556 -1.0
8.13896213 6.6234392 1.0
3.40891017 3.5206164 -1.0
3.54926103 1.2785359 -1.0
3.29255839 4.0242375 -1.0
5.09608803 7.6038518 1.0
6.75367012 6.8317287 1.0
7.07618878 6.9940119 1.0
4.21401463 3.8906548 -1.0
2.75880859 2.7511579 -1.0
3.07857534 1.9276017 -1.0
3.28042507 2.9783315 -1.0
3.42386878 3.2729642 -1.0
6.62439731 8.1828462 1.0
7.05054993 7.2960400 1.0
6.26770015 7.3027383 1.0
6.5384665  7.1368062 1.0
4.2182628  2.1239002 -1.0
3.44204539 3.7646011 -1.0
7.27751307 6.0824452 1.0
2.83885236 0.7110540 -1.0
2.40678404 4.4663886 -1.0
5.48673058 6.9687078 1.0
5.47823195 7.5351511 1.0
6.94651874 8.7003890 1.0
4.99858542 5.6873962 1.0
3.0339319  2.0139788 -1.0
2.33452661 2.3737510 -1.0
4.98031909 2.3146902 -1.0
1.02779455 3.1318375 -1.0
4.45687205 3.3799990 -1.0
3.9963576  3.1298633 -1.0
3.55300557 1.7290163 -1.0
6.14917758 7.4988329 1.0
1.49030825 3.2778383 -1.0
7.79976143 6.2766322 1.0
6.8734109  6.5333551 1.0
1.74352693 2.6026526 -1.0
3.04358975 3.610022  -1.0
2.16045445 1.9540747 -1.0
7.7324701  8.8593087 1.0
5.53428668 4.9415424 1.0
2.35211447 0.9526274 -1.0
6.76613027 4.9775490 1.0
6.85421659 7.3459004 1.0
6.33468693 7.0100312 1.0
6.36209974 6.7186446 1.0
2.15821985 1.7740776 -1.0
6.93527166 7.6846296 1.0
6.64917101 5.4823083 1.0
5.96146908 7.5943469 1.0
7.81208289 6.3649051 1.0
7.1511632  5.9297095 1.0
7.83150317 6.4995133 1.0
2.53716084 2.6660655 -1.0
2.76649251 3.8317428 -1.0
6.8178013  6.7569905 1.0
3.7947566  0.6115712 -1.0
2.09478154 1.1651341 -1.0
2.88085879 3.7617443 -1.0
2.02654642 5.0194813 -1.0
2.88123256 3.2057882 -1.0
6.91400399 7.2602742 1.0
4.01467973 4.1789175 -1.0
3.24546325 3.2139677 -1.0
3.71665603 2.9799061 -1.0
3.79089911 0.3274401 -1.0
6.75766966 7.2451040 1.0
7.43841403 6.9142741 1.0
7.63617748 6.4940927 1.0
2.74713538 3.3294543 -1.0
1.39348024 1.3556749 -1.0
6.67952797 6.7386880 1.0
6.00451597 5.6951523 1.0
8.07526739 6.4060940 1.0
6.93883412 6.3569839 1.0
8.83453791 7.1599347 1.0
7.38098886 7.5104210 1.0
3.61258076 2.5096921 -1.0
5.96612985 6.6260593 1.0
4.59825377 4.4439907 -1.0
2.55454274 2.8709934 -1.0
7.39467206 6.7853638 1.0
3.76880217 4.3737971 -1.0
1.03190263 2.934904  -1.0
3.69473887 2.4981916 -1.0
1.27208355 1.7550951 -1.0
6.14976194 8.1354945 1.0
6.64359565 6.7239335 1.0
2.25697426 4.1215484 -1.0
6.97849439 8.1185589 1.0
2.86271454 3.9877549 -1.0
3.13392441 3.6198158 -1.0
7.2807801  8.1238782 1.0
7.25964461 6.4361819 1.0
4.73832106 0.0200314 -1.0
6.55378999 8.5299039 1.0
7.97074638 7.6167425 1.0
2.91173987 1.3587886 -1.0
7.88098439 5.6072871 1.0
7.14950464 7.0813969 1.0
6.75461826 6.9703435 1.0
6.04943664 6.7638596 1.0
2.46776338 2.4920673 -1.0
7.28703126 5.8663655 1.0
6.94185402 5.6188226 1.0
7.83736912 6.28063   1.0
8.91590427 6.3791293 1.0
6.6420377  6.8529296 1.0
4.65297499 5.4095907 -1.0
3.16700105 2.5707670 -1.0
7.37536648 7.8777573 1.0
7.79590523 7.8699578 1.0
6.52040382 5.6452068 1.0
6.42016706 5.3375034 1.0
6.83349349 7.2937020 1.0
1.39043443 2.2423224 -1.0
2.69694755 1.7425366 -1.0
0.99151435 2.8780635 -1.0
7.38675096 8.5512865 1.0
3.15976219 3.8356810 -1.0
7.26709243 4.7630289 1.0
3.74899145 3.7564289 -1.0
2.43643106 2.0816740 -1.0
4.49797124 4.4445502 -1.0
5.76658679 7.5588313 1.0
7.25268608 6.9060539 1.0
7.13071906 6.444741  1.0
1.23610935 3.7936662 -1.0
5.40172539 5.6687775 1.0
2.46123697 4.2477845 -1.0
6.23092427 6.4231333 1.0
1.91237002 2.5806266 -1.0
7.64556629 7.9385907 1.0
3.71102563 5.0042552 -1.0
7.39870878 5.6612876 1.0
1.92522348 1.2071704 -1.0
2.86251228 2.7423569 -1.0
3.51087336 1.7928435 -1.0
6.28310876 4.6558934 1.0
3.12885889 2.5307190 -1.0
6.61637847 6.4454383 1.0
8.30841266 6.7747433 1.0
3.24607479 3.8658393 -1.0
1.9478515  3.1065216 -1.0
2.20096308 3.6351322 -1.0
8.28609433 6.3403115 1.0
7.85811437 5.9825297 1.0
2.4424366  1.8999273 -1.0
5.9848094  8.7079110 1.0
6.04506178 7.5443447 1.0
3.7527009  5.5045781 -1.0
1.94098281 3.2250268 -1.0
8.28679385 5.8692996 1.0
2.84868365 3.6914785 -1.0
5.95284995 6.5561785 1.0
6.79859096 8.0908957 1.0
6.63585969 5.1758066 1.0
3.50326935 1.2177624 -1.0
8.16213534 8.4309705 1.0
3.69041667 3.0924529 -1.0
3.23958586 2.0859636 -1.0
4.24331997 4.4989012 -1.0
1.43182846 2.9224609 -1.0
6.44384254 6.3275727 1.0
8.09883199 6.4649361 1.0
3.31378833 1.9999461 -1.0
1.87085902 4.3304487 -1.0
8.73807987 7.4679263 1.0
3.9074092  1.6189046 -1.0
4.17223098 2.6693056 -1.0
2.03780549 3.6618177 -1.0
2.68614364 3.8161910 -1.0
4.68191596 3.7383845 -1.0
5.12504241 1.7305178 -1.0
2.78794851 2.4567372 -1.0
3.02390982 1.8735245 -1.0
3.23069347 3.5238337 -1.0
4.76277073 2.8671208 -1.0
6.1897564  5.6821126 1.0
7.36215218 7.8905379 1.0
6.18328738 5.7062600 1.0
3.0318506  3.3677211 -1.0
2.39062243 2.9410482 -1.0
2.91146423 2.6019126 -1.0
6.22927179 7.5545001 1.0
3.58282714 4.4026551 -1.0
6.75365393 6.8888472 1.0
7.23267943 6.8345119 1.0
3.00990907 2.6634548 -1.0
1.95915303 2.6963947 -1.0
4.42318839 1.8626153 -1.0
7.38016164 6.7272305 1.0
7.28125858 7.9219533 1.0
4.90962815 6.7572884 1.0
1.92979113 3.2572843 -1.0
2.58932641 1.3291159 -1.0
6.93310237 6.8796982 1.0
7.41405749 6.0511528 1.0
5.92516122 6.7501756 1.0
1.36421359 2.6655259 -1.0
7.41431738 7.7192717 1.0
6.06702842 7.2806908 1.0
3.82944826 2.1741860 -1.0
2.34803466 1.5986180 -1.0
2.34735423 4.3576079 -1.0
6.06701035 7.4722447 1.0
7.29799006 5.9606865 1.0
3.43617008 4.6140365 -1.0
8.10993341 7.8571908 1.0
5.70141437 5.9740508 1.0
3.59739727 5.3899710 -1.0
2.56190884 2.8274067 -1.0
7.11126424 6.0013162 1.0
2.53799374 0.9563318 -1.0
7.47457162 6.3046975 1.0
8.03925469 6.1468695 1.0
6.11175966 6.7403609 1.0
2.05269342 3.2238608 -1.0
3.78906972 3.3098455 -1.0
3.31779109 1.2210619 -1.0
4.07071038 3.5846329 -1.0
3.54978811 1.5347561 -1.0
5.63404439 1.6924706 -1.0
6.27780827 6.8323405 1.0
5.50897679 6.8812611 1.0
5.63808786 5.1142706 1.0
2.58267826 2.6955102 -1.0
3.86670232 4.1764574 -1.0
5.21776074 8.1761658 1.0
9.06573731 7.0793522 1.0
3.84177248 3.8806251 -1.0
6.08963482 7.8248528 1.0
6.23020184 7.5480390 1.0
4.40985705 1.8211495 -1.0
2.17353784 0.9576267 -1.0
7.43864739 7.8317535 1.0
7.15911828 7.9687850 1.0
8.94151313 7.2320331 1.0
1.86291506 1.6099670 -1.0
5.69265116 6.4248056 1.0
8.38169521 6.4103908 1.0
4.51894067 1.5882822 -1.0
2.91564515 2.9659360 -1.0
2.97317756 1.8010948 -1.0
7.0201988  6.5575820 1.0
3.16214764 4.7402360 -1.0
7.18090616 8.1473880 1.0
7.58052937 6.9998008 1.0
5.07915603 7.4566479 1.0
5.98445117 7.1485749 1.0
7.98937668 6.0840395 1.0
5.25826434 3.0119489 -1.0
1.97058137 2.7234253 -1.0
3.1827967  3.1064477 -1.0
2.31387909 2.2511574 -1.0
6.21184616 6.9145754 1.0
2.68910432 3.0385429 -1.0
0.92900136 2.5117650 -1.0
1.04509063 2.8688157 -1.0
5.58995898 7.8530888 1.0
4.28606588 3.8414965 -1.0
1.77074189 5.6790312 -1.0
6.86625389 7.9956099 1.0
6.55172892 7.0219466 1.0
7.23106182 6.7808616 1.0
8.0558085  6.2518730 1.0
7.2188968  6.2341383 1.0
4.1046646  3.0516601 -1.0
7.88938921 7.6050964 1.0
5.37010694 7.2674895 1.0
2.69912362 1.1017939 -1.0
2.46492047 1.5807667 -1.0
7.26388088 6.8149240 1.0
3.43809932 3.1765559 -1.0
6.05830414 6.2252811 1.0
8.8121905  5.8660666 1.0
7.115694   7.5764164 1.0
2.48867892 2.0094974 -1.0
3.82228621 1.4920341 -1.0
3.29437997 3.5535122 -1.0
5.89191757 6.1263995 1.0
6.24360155 7.3264944 1.0
2.69813777 4.6049363 -1.0
7.39090336 7.2273819 1.0
2.62770808 2.4970062 -1.0
7.44721485 6.2831516 1.0
7.47135029 7.7747118 1.0
3.31313247 0.9353827 -1.0
2.95485779 3.2389960 -1.0
7.70608781 5.8969055 1.0
1.80485181 2.5729537 -1.0
5.65750218 7.7090167 1.0
2.23422196 3.3626193 -1.0
1.67635424 3.8918142 -1.0
2.36257418 3.3838587 -1.0
4.42154563 3.7472218 -1.0
7.66216483 7.6646966 1.0
4.03327254 3.4091755 -1.0
7.24192354 6.3883297 1.0
2.85360378 3.4742506 -1.0
1.15092783 2.6039240 -1.0
1.904712 2.11663 -1.0
7.35744793 6.8640600 1.0
7.36606591 6.5434434 1.0
0.82414567 2.3401085 -1.0
2.71063101 1.3065852 -1.0
4.10389445 2.4871513 -1.0
6.56510293 7.8542695 1.0
6.24570628 6.8456799 1.0
8.63092323 7.3922629 1.0
1.51282835 2.3013462 -1.0
4.80389091 6.6720547 1.0
7.89536234 5.8819966 1.0
3.15235024 3.6657898 -1.0
1.74489505 4.6591076 -1.0
4.34941742 3.2377671 -1.0
3.98028016 3.1061811 -1.0
6.58017338 8.2324675 1.0
2.06632293 4.2505768 -1.0
4.01241148 3.0575880 -1.0
6.86120623 6.8066245 1.0
7.8636569  6.0089911 1.0
 3.46953329 -0.2502959 -1.0
3.79806919 1.0277561 -1.0
3.60971087 3.5760264 -1.0
6.49937502 7.7320073 1.0
2.54587194 2.0131024 -1.0
6.70082479 7.5953594 1.0
1.18222234 5.2495343 -1.0
6.07196895 8.5979150 1.0
5.27586246 6.3692642 1.0
8.91223246 7.3134442 1.0
2.4249362  1.9205130 -1.0
7.36583074 6.6334640 1.0
5.19819327 5.8678615 1.0
8.3237354  7.2929054 1.0
5.29634598 7.6938487 1.0
2.78688784 3.8326852 -1.0
10.31623257  5.8704075 1.0
7.7865597  5.3609550 1.0
8.74291869 7.1677661 1.0
2.64686042 3.0881575 -1.0
3.61895863 2.0550559 -1.0
8.83477254 6.7036929 1.0
7.53777017 6.8574997 1.0
7.62413227 7.8194145 1.0
1.96040287 2.6182377 -1.0
4.43960407 4.0849791 -1.0
2.85474715 2.2986845 -1.0
2.18052782 3.294446  -1.0
6.12220435 6.0739274 1.0
6.83703456 6.6760801 1.0
5.97425496 6.4857581 1.0
6.55543629 8.5889628 1.0
2.5392754  4.2816832 -1.0
3.49813496 2.6730367 -1.0
4.76589744 3.5778254 -1.0
4.79444269 7.2373831 1.0
7.35248407 7.5691627 1.0
7.51354545 5.8549946 1.0
8.17840733 8.8668784 1.0
2.11798348 2.5361763 -1.0
2.5502974  0.6718347 -1.0
6.55979912 6.9545540 1.0
7.09396361 6.6110992 1.0
6.69123822 7.1126799 1.0
6.76415674 7.6032375 1.0
1.37395028 3.7795598 -1.0
6.27433987 7.0973947 1.0
6.02200469 6.5833358 1.0
1.75240704 3.7317694 -1.0
6.92263771 7.6045298 1.0
3.95470204 2.3147644 -1.0
7.80131102 5.0318336 1.0
6.95228276 6.7686763 1.0
3.99020009 2.7773048 -1.0
3.66266425 3.6229629 -1.0
8.60861434 7.4295173 1.0
6.58355603 8.9448355 1.0
6.25725364 7.3346686 1.0
2.69204491 2.5508149 -1.0
8.30668585 8.1193044 1.0
3.01757461 4.7612835 -1.0
6.26271148 5.3174647 1.0
2.95239565 2.7928469 -1.0
2.22412491 3.3557650 -1.0
7.29280787 6.1790633 1.0
2.03090379 2.7985759 -1.0
6.35125429 5.6464086 1.0
5.50339709 8.7237095 1.0
2.62458476 2.5290870 -1.0
2.74846911 1.1285501 -1.0
8.06041496 6.2826204 1.0
6.52716949 6.7115549 1.0
6.25232233 8.4051775 1.0
2.25777493 3.4574073 -1.0
5.1698125  7.3609208 1.0
7.58443707 6.8032543 1.0
8.70960681 7.8695687 1.0
6.26296774 8.4322214 1.0
2.23741258 2.3141169 -1.0
2.57688206 2.2348713 -1.0
8.17078668 7.4987464 1.0
2.21966292 2.0507453 -1.0
0.81941745 1.9918390 -1.0
7.1747999  6.9492549 1.0
7.83805774 7.5755713 1.0
4.03478698 2.1359670 -1.0
3.41738609 2.4202769 -1.0
6.75649012 7.0821516 1.0
3.23144748 3.1013339 -1.0
3.27966627 2.6658899 -1.0
2.09111489 3.1500570 -1.0
1.4639052 3.806784 -1.0
8.4262136  8.5037052 1.0
4.93149689 1.8980120 -1.0
6.16450549 8.1214522 1.0
6.82443464 8.3189358 1.0
3.25645879 1.9634188 -1.0
0.6293504  1.6695903 -1.0
3.2652615  2.3369911 -1.0
2.32953829 2.5910676 -1.0
1.63129188 3.5318320 -1.0
8.93714213 5.1392335 1.0
3.36281579 4.0925567 -1.0
7.80514344 5.2499566 1.0
1.94850959 2.0491595 -1.0
8.54633301 7.5818651 1.0
2.13865236 2.5875546 -1.0
5.71966272 5.3545972 1.0
1.8522084  2.5104299 -1.0
3.72750589 2.9731056 -1.0
8.61811196 6.8512274 1.0
8.4910629  6.3017086 1.0
5.56028302 6.6973374 1.0
3.69086519 2.1557452 -1.0
7.58607738 6.2930350 1.0
4.15782675 2.1145098 -1.0
6.78608696 7.8863762 1.0
4.70887809 1.5430401 -1.0
2.45703714 3.8918419 -1.0
5.37761726 6.8195786 1.0
3.22169949 2.2179756 -1.0
7.95092176 7.5105197 1.0
1.24736495 4.6716835 -1.0
3.05994198 2.7422187 -1.0
6.45850429 7.1131211 1.0
8.45625053 5.9612113 1.0
3.66846659 2.297469  -1.0
2.93298799 2.2038461 -1.0
4.13346257 2.8397648 -1.0
2.68528486 4.2459919 -1.0
3.050916   2.8964702 -1.0
7.52973101 7.2296878 1.0
4.04150435 3.0416759 -1.0
3.49581235 2.8328005 -1.0
3.36300834 4.1985284 -1.0
7.54384149 8.8609219 1.0
2.25494175 2.6050188 -1.0
1.71223917 1.9417973 -1.0
3.73184956 7.2513847 1.0
6.32334885 8.6704273 1.0
5.05311509 6.6851385 1.0
6.34087453 7.6609092 1.0
5.54400744 7.6720765 1.0
7.69333228 7.7449812 1.0
3.60504044 1.3406121 -1.0
1.9345067  3.2816265 -1.0
5.20178823 6.6495442 1.0
3.14221057 2.9897137 -1.0
3.45098929 4.1687989 -1.0
7.02665759 7.8139524 1.0
7.15371585 8.4368075 1.0
6.82477728 6.5660241 1.0
7.34855911 8.4150482 1.0
5.25887001 6.7168705 1.0
6.65235459 6.0948393 1.0
4.88470747 7.3991546 1.0
7.32787561 6.4823521 1.0
3.43756045 3.0224179 -1.0
1.30653543 2.3479881 -1.0
2.6349788  5.1517889 -1.0
3.29196473 2.2285919 -1.0
6.00241887 6.6690702 1.0
6.95117498 5.5128761 1.0
8.18615204 6.2368236 1.0
7.85829918 6.9219834 1.0
8.2129805  7.6903987 1.0
6.08113463 6.8744887 1.0
2.74523105 3.4293933 -1.0
7.35588161 7.7641060 1.0
3.13278287 4.1890036 -1.0
2.97632619 3.4766818 -1.0
6.79570625 6.7457959 1.0
8.61411979 6.1072613 1.0
1.7764977  4.6165956 -1.0
6.67241522 6.5334722 1.0
2.4891563  3.7886146 -1.0
6.4656431  7.0642555 1.0
7.56767375 6.9970307 1.0
6.77970391 5.4400459 1.0
8.15942521 7.6053350 1.0
2.72670314 3.0794307 -1.0
7.02771798 8.6191668 1.0
8.40486423 5.3833181 1.0
5.88032544 5.7662693 1.0
3.75839811 2.1051338 -1.0
6.46935355 7.8098971 1.0
1.85731979 3.2691197 -1.0
2.51222054 3.8574799 -1.0
2.47590199 1.6016203 -1.0
2.7450626  4.1821818 -1.0
3.32551515 2.9069460 -1.0
4.28516762 2.7934077 -1.0
4.74359794 4.0280231 -1.0
8.79423113 6.4076264 1.0
2.90970839 4.4956896 -1.0
3.60034744 1.8947638 -1.0
8.5032683  6.0109882 1.0
7.07803197 7.7001473 1.0
1.44301213 5.5939108 -1.0
4.42290954 3.3252471 -1.0
3.27364365 4.1038985 -1.0
3.65254729 3.4376647 -1.0
3.95258261 3.4632728 -1.0
5.43860736 3.9132832 -1.0
1.21983064 2.7413142 -1.0
8.09438641 7.2266648 1.0
2.77451874 4.4257513 -1.0
5.31196402 6.9237838 1.0
2.33226517 2.3170144 -1.0
3.28371365 4.2820150 -1.0
2.23651796 2.7838859 -1.0
1.3267279  2.3838766 -1.0
4.63632045 7.5487034 1.0
1.39980189 4.3580950 -1.0
0.90049078 2.7527310 -1.0
7.56710771 7.4130129 1.0
2.99324841 1.8167232 -1.0
6.44750442 7.3703456 1.0
1.68991325 4.3341823 -1.0
2.98491037 3.8425117 -1.0
6.96201759 7.2999706 1.0
1.2178253  3.1898030 -1.0
6.47935306 7.1469660 1.0
5.2897419  2.7475548 -1.0
2.84576342 1.5491193 -1.0
4.33880177 4.1719829 -1.0
7.33322072 6.0982984 1.0
1.40619222 3.2356795 -1.0
7.0961843  4.2464055 1.0
4.90867417 3.3576003 -1.0
3.47942024 2.2397488 -1.0
2.32149528 2.6244587 -1.0
4.42566538 2.7982311 -1.0
6.69312357 7.4512114 1.0
6.17533    6.6749777 1.0
3.15660689 4.8532748 -1.0
9.18965749 8.7350822 1.0
5.81218313 5.2093960 1.0
2.14302125 2.7985149 -1.0
8.0553777  7.9262688 1.0
2.02476034 2.2330785 -1.0
2.89434253 4.6167689 -1.0
1.95787574 3.9959994 -1.0
2.92954551 3.0773363 -1.0
6.43383472 7.0004964 1.0
3.01632017 2.6360385 -1.0
7.16668183 8.0223963 1.0
8.43149881 5.9688002 1.0
2.38690666 2.4831941 -1.0
3.94801485 4.1985726 -1.0
8.20463785 7.0811754 1.0
6.70358827 7.4148748 1.0
2.2832898  4.5183120 -1.0
8.21709151 5.1535235 1.0
6.79830028 5.2395675 1.0
4.7041717  3.4321056 -1.0
2.88592674 3.0996269 -1.0
6.4848054  8.3155364 1.0
5.40982887 7.6406230 1.0
2.96492763 2.3888774 -1.0
5.6289538  2.4014493 -1.0
6.51198365 6.7806675 1.0
1.98703475 3.2690695 -1.0
6.727052   6.3731315 1.0
4.84627373 4.4634493 -1.0
7.18889836 7.6445133 1.0
7.88214061 7.3992257 1.0
2.81712465 3.7051530 -1.0
6.20197611 6.6079576 1.0
7.12560718 7.4359602 1.0
6.94710363 6.7814501 1.0
3.0516047  2.4401890 -1.0
2.04069271 2.1455577 -1.0
6.45823594 5.8752069 1.0
7.22300049 6.0347570 1.0
7.27293585 5.3168110 1.0
3.26594814 2.0118197 -1.0
3.3034565  3.3950853 -1.0
6.0387514  7.0256287 1.0
8.53538708 7.6481335 1.0
3.21875496 2.0524513 -1.0
4.68827737 2.6022796 -1.0
6.14212698 5.7500132 1.0
4.37791874 3.7566773 -1.0
4.12239763 3.1419552 -1.0
8.24365827 5.1620464 1.0
6.7241489 5.366813 1.0
6.02868155 7.2089460 1.0
7.16950857 7.2837903 1.0
4.09215781 3.3645481 -1.0
1.78126065 2.7075148 -1.0
2.31351616 3.8607971 -1.0
8.87949837 7.9605427 1.0
3.54842662 1.6478102 -1.0
7.30787912 4.7434121 1.0
7.56041238 6.7647215 1.0
6.25061998 4.3129648 -1.0
2.78586288 2.6091971 -1.0
8.04491864 6.3954923 1.0
2.44159538 3.9079416 -1.0
1.66401517 2.3223879 -1.0
7.37820383 6.6049868 1.0
5.05910308 4.1295733 -1.0
6.56027605 9.1810257 1.0
2.48353597 2.3340173 -1.0
3.37009531 2.2253097 -1.0
2.57845363 3.5402681 -1.0
2.80236704 2.1227204 -1.0
3.39976702 2.5314058 -1.0
2.88288397 1.1299658 -1.0
4.56174268 3.2405459 -1.0
6.90410391 6.6036281 1.0
6.23182958 6.8927046 1.0
6.72008512 7.4883488 1.0
1.86211062 2.9252486 -1.0
8.33289853 6.2820262 1.0
6.44567976 6.6213128 1.0
6.64119862 7.7533725 1.0
4.20212367 2.5988659 -1.0
7.79675347 8.1308677 1.0
8.66261713 8.3336792 1.0
1.91751219 0.2784459 -1.0
6.69162614 8.5553166 1.0
2.03786355 3.4389471 -1.0
2.9425057  2.6659194 -1.0
7.00669515 6.6801679 1.0
4.92660223 2.6589489 -1.0
3.04911832 4.0614187 -1.0
5.28086472 7.0143787 1.0
3.36613495 4.5500341 -1.0
3.58305658 4.1343267 -1.0
1.6356169  3.9119743 -1.0
4.61713967 4.6756620 -1.0
3.39538337 1.2063241 -1.0
3.68224709 3.3569851 -1.0
7.82245321 6.8351650 1.0
5.98629418 7.6503976 1.0
5.5209993 7.068199 1.0
6.33770013 6.5023061 1.0
7.94278882 7.6910586 1.0
6.6485083  6.3796921 1.0
4.81082498 2.2970402 -1.0
1.97865817 3.1769811 -1.0
2.36039698 2.9604680 -1.0
8.72699962 6.8553796 1.0
3.7439319  3.0135502 -1.0
2.72780015 4.0008785 -1.0
7.02108918 8.2199422 1.0
5.16378044 5.8122463 1.0
2.50762684 2.6140570 -1.0
6.68642025 6.3713212 1.0
6.3404922  7.7746270 1.0
8.59074245 5.3122531 1.0
1.63374321 2.8326416 -1.0
8.05613557 6.7381374 1.0
2.92087914 3.9127967 -1.0
3.21528614 2.0116227 -1.0
2.31482345 3.2446224 -1.0
4.0333986  2.9814375 -1.0
3.27186525 4.8981003 -1.0
6.81874815 6.3416667 1.0
6.98901596 7.0904616 1.0
6.89766999 6.6896629 1.0
7.5642162 7.737098 1.0
6.13472972 6.9942169 1.0
2.32521162 1.8265325 -1.0
2.93967426 2.7753182 -1.0
2.01655872 2.5151615 -1.0
4.69067444 2.8775366 -1.0
5.37100099 7.0353905 1.0
7.70493581 6.9401933 1.0
2.01282405 2.4952672 -1.0
6.53240669 7.5167509 1.0
7.54558411 6.6128969 1.0
4.25766221 2.3632623 -1.0
5.43754383 8.4905997 1.0
2.01189816 2.5406599 -1.0
5.12298366 2.5497690 -1.0
0.80908454 1.9022476 -1.0
2.03474879 3.7027765 -1.0
6.94122351 6.9629024 1.0
8.11405977 6.5846608 1.0
1.71328828 2.9316810 -1.0
6.65365157 5.0394102 1.0
6.03668518 6.7372784 1.0
6.0538387  6.9511364 1.0
7.44060009 5.7502481 1.0
2.27397416 3.2749019 -1.0
7.64410999 6.6975435 1.0
7.98574095 8.0226683 1.0
1.27650702 0.6676422 -1.0
6.75424132 8.2122307 1.0
3.47992969 4.1543306 -1.0
8.20725794 7.5956621 1.0
1.51964112 2.3332889 -1.0
1.34252035 2.9754964 -1.0
7.66789484 7.7496101 1.0
3.63761194 2.7489927 -1.0
3.69160366 2.3149475 -1.0
2.4696838  3.3960854 -1.0
4.6663557  3.9799942 -1.0
2.69255349 3.0482780 -1.0
5.9161129  7.8469595 1.0
7.2252163 6.484788 1.0
6.86348104 6.0978659 1.0
4.22616608 3.4345637 -1.0
6.01211639 9.2765011 1.0
3.7607341  3.8340170 -1.0
2.7233511  0.3752296 -1.0
8.18393805 7.2581172 1.0
4.13939089 2.7814069 -1.0
7.36102842 8.4584896 1.0
2.72172982 1.5594550 -1.0
5.14658622 6.5350803 1.0
4.42396281 2.9167180 -1.0
3.03775278 2.7189187 -1.0
3.59051076 2.3213739 -1.0
6.90888968 5.9850963 1.0
3.31841308 3.8083934 -1.0
6.7084969  7.4226056 1.0
3.2875259  2.7118505 -1.0
7.85636465 6.6561682 1.0
3.16324265 2.9839856 -1.0
7.15039518 6.0979132 1.0
6.97433694 9.2035531 1.0
5.4724341  8.8370648 1.0
0.56047247 3.3389495 -1.0
2.39279255 3.0721616 -1.0
2.99683107 3.2517603 -1.0
4.35124724 3.9455571 -1.0
3.62749035 2.9966108 -1.0
2.23295597 1.2993633 -1.0
4.61404393 0.6961055 -1.0
5.47772105 5.7479088 1.0
6.35402417 6.8868369 1.0
1.77388757 3.6089695 -1.0
2.16600457 3.7669598 -1.0
7.53535624 5.2814363 1.0
4.76454023 3.3534336 -1.0
3.55843242 2.3953770 -1.0
3.815291   1.8090781 -1.0
4.52399787 4.4518604 -1.0
6.96514831 8.0877519 1.0
1.79969552 3.9464533 -1.0
3.35844303 2.2918035 -1.0
6.45521475 6.7234468 1.0
6.28396868 9.3053050 1.0
3.15354616 3.8636243 -1.0
3.83608966 2.9782416 -1.0
3.62822464 2.8549881 -1.0
7.31079196 6.8266480 1.0
1.13118936 2.8354933 -1.0
3.09896559 3.8945877 -1.0
3.25307951 3.6839252 -1.0
2.0046214  2.8518880 -1.0
6.87854151 5.8038845 1.0
3.68343658 1.9571437 -1.0
7.11387624 7.2992935 1.0
5.816456   6.3117695 1.0
2.13794348 2.0001422 -1.0
7.80651785 6.5734814 1.0
6.69528639 6.5366110 1.0
4.28599425 3.7792081 -1.0
1.08912349 3.4359647 -1.0
5.42170512 7.8245175 1.0
6.95676836 7.3962722 1.0
8.57066856 7.3672889 1.0
7.39596109 7.2201384 1.0
3.67059244 1.9536940 -1.0
1.55532086 3.4934127 -1.0
7.47332665 7.2491670 1.0
6.89660522 6.2288786 1.0
6.03338449 8.1814612 1.0
6.81330669 8.1033397 1.0
4.70827224 7.6001832 1.0
6.20712824 7.1895727 1.0
7.19382813 6.6353148 1.0
6.17797281 7.6090754 1.0
9.15215884 8.1202843 1.0
1.60821113 3.6073559 -1.0
6.51831416 7.087125  1.0
7.87431843 6.3704390 1.0
3.22153295 2.6093727 -1.0
2.8678718  4.0972677 -1.0
2.45812368 3.0567696 -1.0
6.36411065 6.8865354 1.0
1.70937449 3.5459357 -1.0
8.60916126 4.6297444 1.0
1.97261683 2.4467665 -1.0
3.84441648 1.9197951 -1.0
6.84515366 7.267021  1.0
2.03372919 3.3693468 -1.0
3.38089627 2.6688787 -1.0
7.11049656 4.8863232 1.0
7.38561468 7.9451844 1.0
5.46746513 6.2805542 1.0
2.10910134 4.1168944 -1.0
6.58059931 5.9932679 1.0
6.88778246 8.9856018 1.0
5.19854127 9.5412543 1.0
5.20895871 7.7120496 1.0
3.30490119 3.1529184 -1.0
3.5695382  2.5979591 -1.0
2.67822117 2.5632586 -1.0
7.08915294 7.0818792 1.0
7.53387338 6.4002314 1.0
4.22100352 3.4519285 -1.0
7.40977731 6.6735553 1.0
6.96452611 7.5327655 1.0
3.18729687 3.6221653 -1.0
2.1893308  4.6367898 -1.0
6.7159197  6.8314963 1.0
10.24569959  7.2875656 1.0
7.45284215 8.4175244 1.0
4.44794571 4.6243195 -1.0
6.89807005 6.6744139 1.0
7.47943716 6.1872451 1.0
6.18788221 5.8863296 1.0
2.54868278 4.0232231 -1.0
3.83677008 2.6883620 -1.0
1.38475659 2.9510807 -1.0
4.08778538 2.7255559 -1.0
1.57554553 3.4904697 -1.0
5.64963169 7.5518566 1.0
2.63331462 3.7167696 -1.0
3.53183602 3.3585859 -1.0
6.70094887 8.3609406 1.0
2.28129709 3.2513547 -1.0
5.78656591 5.5815627 1.0
7.50068659 6.4773823 1.0
7.6446474 7.913509 1.0
7.93004575 7.7331733 1.0
2.04362082 4.8289886 -1.0
7.41412844 8.6418814 1.0
3.29899655 2.411219  -1.0
6.64904655 5.7467604 1.0
8.3190764  8.0862192 1.0
5.51324433 5.4094110 1.0
7.19752461 5.7826433 1.0
2.49567637 2.9472121 -1.0
4.77454346 2.1710375 -1.0
7.80854604 7.7632046 1.0
3.07950479 2.9973489 -1.0
8.286221   5.9912350 1.0
3.69401971 2.7742289 -1.0
2.37343302 2.6371211 -1.0
2.42646328 2.3277399 -1.0
2.66040077 1.2690282 -1.0
8.05142174 7.9388587 1.0
6.2241509  6.6225115 1.0
2.13886221 3.5965822 -1.0
6.9895722  5.5804021 1.0
4.90628513 3.0835385 -1.0
7.74174867 7.6450463 1.0
0.23727834 5.6657626 -1.0
1.76143887 3.4242862 -1.0
3.30297663 3.9174297 -1.0
3.66761334 1.8240738 -1.0
7.42596192 6.9350502 1.0
3.78583099 2.1226753 -1.0
2.01539477 3.5493119 -1.0
1.98824103 3.5434955 -1.0
8.1189317  7.5685565 1.0
7.47366971 6.7367343 1.0
7.30580399 5.1946422 1.0
8.14441161 6.4116278 1.0
6.99100856 8.2361012 1.0
4.52362482 3.3933224 -1.0
2.4480521 2.876287 -1.0
4.53074075 3.7744487 -1.0
1.87796636 1.6564418 -1.0
5.98751422 8.6044382 1.0
5.63423544 8.3739002 1.0
2.27513852 3.1241956 -1.0
6.99870737 4.9281367 1.0
7.0194773  7.6640922 1.0
2.48251174 3.9866883 -1.0
6.54448094 8.3825813 1.0
3.49014805 2.3128536 -1.0
1.56297472 1.6990487 -1.0
8.88493337 8.6054015 1.0
7.33338845 6.985379  1.0
7.10305252 6.2521688 1.0
4.11934949 4.9415126 -1.0
4.45511196 3.9182111 -1.0
2.67951788 2.6335062 -1.0
5.56521923 6.2285338 1.0
3.45409204 1.4933718 -1.0
1.44809358 1.8308881 -1.0
7.88178357 8.4099469 1.0
6.15457151 6.2954809 1.0
8.03719434 6.6804881 1.0
3.50355811 1.9899604 -1.0
4.15631601 3.9365347 -1.0
2.84606463 3.3324861 -1.0
2.94400704 3.3161410 -1.0
7.52543731 7.7871112 1.0
7.49673736 7.9536926 1.0
6.63668049 6.9068660 1.0
2.05289093 4.0858283 -1.0
6.46583554 7.1076131 1.0
0.49965977 4.5191509 -1.0
7.48525224 6.2486997 1.0
8.0296032 5.309930 1.0
7.61081148 7.2180672 1.0
1.30067469 2.2246248 -1.0
6.69726194 6.8249461 1.0
2.58620245 3.4548889 -1.0
6.46276768 6.4035903 1.0
6.121405   8.5207359 1.0
6.71229242 6.6265304 1.0
7.14418696 7.9896069 1.0
4.50674397 2.8078241 -1.0
3.64329872 2.1799440 -1.0
3.27695219 2.8310532 -1.0
2.66731459 2.3065132 -1.0
3.1137393  2.6691952 -1.0
10.29136924  6.5446871 1.0
1.97481628 2.3099840 -1.0
8.13000668 6.8662256 1.0
4.7127832  6.3849343 1.0
4.73070632 3.3198984 -1.0
5.44676482 8.0916879 1.0
6.59814469 6.9403808 1.0
7.35888788 6.6578201 1.0
5.67715268 6.9675555 1.0
6.15400213 7.1718136 1.0
3.41938692 4.5222917 -1.0
0.38525412 1.1994238 -1.0
4.15247099 3.9701000 -1.0
7.66326211 8.0851677 1.0
2.49864833 4.8603951 -1.0
10.34541113  8.3764625 1.0
7.30636325 7.6010413 1.0
5.91531306 6.5940578 1.0
2.47021869 3.0258622 -1.0
7.04033251 8.3885722 1.0
6.55912334 6.1963248 1.0
2.47065384 3.3157784 -1.0
6.32378279 7.3971002 1.0
2.50124765 2.2307383 -1.0
8.06299687 7.0881887 1.0
2.71683133 4.5403416 -1.0
7.10093171 6.6593299 1.0
4.96582573 2.2480108 -1.0
1.96750874 2.8176053 -1.0
0.96730961 1.8795850 -1.0
7.44264215 6.6803332 1.0
8.11223087 7.5016938 1.0
4.73768164 4.5651000 -1.0
6.97225845 9.8701356 1.0
4.66197653 2.2515042 -1.0
7.02493207 6.9142471 1.0
8.63628619 6.4208778 1.0
7.58152787 8.2209861 1.0
6.34401292 7.5376299 1.0
8.15134334 4.8364029 1.0
2.2216112 2.792870 -1.0
7.90622968 7.2855937 1.0
3.54241978 2.1490576 -1.0
9.40550291 7.1966716 1.0
6.41721969 6.9858032 1.0
7.08024846 6.6241131 1.0
9.13403579 7.9176083 1.0
3.61387359 4.2430783 -1.0
4.3745384  3.3511951 -1.0
7.12821369 7.7688793 1.0
2.29506698 0.8434241 -1.0
3.34406193 3.0458092 -1.0
6.11095797 8.1890956 1.0
3.63958951 2.5686512 -1.0
6.75462011 8.5394119 1.0
4.31613526 2.5773390 -1.0
9.13121513 6.9626145 1.0
3.56200451 2.5872988 -1.0
1.44403933 4.0237999 -1.0
2.17624175 3.0274325 -1.0
9.05882022 6.4547232 1.0
7.04402656 5.5042964 1.0
6.84323669 5.8236399 1.0
3.8838531  3.0907229 -1.0
4.85608597 2.4205414 -1.0
7.17244178 6.5580256 1.0
3.12774459 2.5248598 -1.0
3.00760249 4.5902975 -1.0
8.96910657 7.8644562 1.0
3.92522641 2.0596573 -1.0
3.32963465 2.4311790 -1.0
3.65821879 2.7436219 -1.0
3.53584628 1.8571941 -1.0
1.97553218 1.5792572 -1.0
2.93400417 1.8838079 -1.0
6.02373511 6.7540108 1.0
2.7009798  3.8250835 -1.0
5.19262782 8.3013269 1.0
4.04901828 3.3656278 -1.0
3.29997732 0.9514990 -1.0
7.02300618 5.5599138 1.0
7.36559411 6.9347788 1.0
5.75621586 5.0398955 1.0
6.51830163 7.0169432 1.0
7.81554218 8.2872739 1.0
7.24761395 8.7625872 1.0
6.24638245 7.6934420 1.0
0.8245206  2.3292418 -1.0
7.63367838 6.6556801 1.0
8.31220062 6.5417478 1.0
2.14258305 2.5287191 -1.0
4.03392691 2.0000029 -1.0
4.78770165 3.2430648 -1.0
7.67181309 5.7506383 1.0
1.53373228 3.5696907 -1.0
4.27105102 3.8886150 -1.0
1.86581076 2.5070785 -1.0
2.54233569 4.8493536 -1.0
5.63756693 8.2992778 1.0
3.66690216 2.5118386 -1.0
1.77304651 3.2486395 -1.0
3.88267167 8.9013364 1.0
3.37776855 3.1159424 -1.0
8.56173035 7.6567366 1.0
3.15249082 2.7386997 -1.0
8.85858431 7.1630757 1.0
2.94756336 4.0349234 -1.0
7.21503419 5.9018457 1.0
4.38860694 3.8416382 -1.0
6.76929504 6.3138619 1.0
3.85402671 3.4540456 -1.0
0.41100753 1.8339570 -1.0
6.5831138  6.4432371 1.0
6.54229729 9.1648902 1.0
4.16176221 2.7258442 -1.0
5.18973912 6.1933416 1.0
7.36925533 7.5360084 1.0
5.79005697 3.9171251 -1.0
1.38730825 2.3273716 -1.0
0.90884134 4.1959151 -1.0
2.79726065 2.0807716 -1.0
3.88701173 2.1958582 -1.0
5.11033941 5.8202334 1.0
6.8791148  7.2324028 1.0
7.42421401 7.0357319 1.0
2.8249907  3.6290192 -1.0
1.13592571 3.9908239 -1.0
5.52215447 6.7162249 1.0
6.19601786 7.2381452 1.0
3.74570543 4.1492082 -1.0
2.40049465 3.4735694 -1.0
7.40321844 8.7060423 1.0
3.25998443 2.4724399 -1.0
7.46996358 9.8032043 1.0
4.57976244 4.9028028 -1.0
7.46609077 6.6148626 1.0
6.5632587  7.3323594 1.0
2.91415876 2.6540051 -1.0
3.30545178 1.8893228 -1.0
7.75631334 7.6724966 1.0
6.49383518 5.3974837 1.0
2.36217679 4.0125078 -1.0
3.44046933 4.0233433 -1.0
3.50516682 2.9446597 -1.0
3.54903894 3.4030004 -1.0
8.35307502 6.5603944 1.0
1.67114393 3.8233134 -1.0
6.63706722 7.2682274 1.0
7.65507129 8.6555468 1.0
6.60874849 6.4334078 1.0
7.14237364 7.9243814 1.0
2.16784441 2.4499171 -1.0
1.2899201  3.3028740 -1.0
2.77633463 2.4136157 -1.0
5.67268221 8.5416526 1.0
3.14845095 2.7197359 -1.0
6.35955755 5.6200889 1.0
2.9520688  2.9438116 -1.0
4.61040736 5.3937017 1.0
5.68877594 8.4374736 1.0
5.35874783 6.8011182 1.0
2.02150633 3.4161496 -1.0
6.83227668 6.0326495 1.0
2.14405678 1.9893646 -1.0
6.4958261  6.2133667 1.0
9.19405305 6.9033331 1.0
2.90692046 2.3073802 -1.0
6.55213812 7.6258169 1.0
3.23887207 1.2511570 -1.0
6.7500939  8.3154746 1.0
5.37084701 7.1821228 1.0
7.234964   6.0638612 1.0
8.42231933 5.6092661 1.0
6.80550008 7.0728446 1.0
7.94190224 7.2428157 1.0
3.9750234  4.9333227 -1.0
2.94743141 3.7651242 -1.0
7.95641688 5.5041620 1.0
8.70674246 7.3242964 1.0
7.04112668 7.7859235 1.0
7.11275034 5.6019030 1.0
8.76988461 6.6640327 1.0
5.13603539 0.3483160 -1.0
3.39134277 4.8759486 -1.0
7.37188094 7.8969867 1.0
7.01274172 7.9895895 1.0
6.38242443 8.5058223 1.0
8.38404064 7.5588304 1.0
5.54683284 6.0161603 1.0
2.16430753 3.6435032 -1.0
7.55177188 7.3373717 1.0
7.22737849 6.8034695 1.0
2.08096678 1.5421224 -1.0
1.81447512 3.3908268 -1.0
5.49504258 7.1128773 1.0
6.24822025 9.4652230 1.0
7.34206021 7.7841305 1.0
3.19790834 2.7760737 -1.0
4.58187822 6.8210343 1.0
7.09686476 7.5156779 1.0
2.85641564 2.7333330 -1.0
5.56077338 8.2114972 1.0
3.18363057 3.5861020 -1.0
6.52712208 6.8028063 1.0
6.26788082 6.8825101 1.0
7.29644289 7.8515509 1.0
2.60630201 1.9941995 -1.0
8.68782387 7.3820187 1.0
4.49127976 2.1423834 -1.0
2.18510824 2.1635366 -1.0
2.71567847 2.5903550 -1.0
6.87032962 6.4657203 1.0
4.29517657 4.8092888 -1.0
2.3352772  4.7362983 -1.0
2.94161453 3.827641  -1.0
3.52181026 3.5759716 -1.0
3.65396642 1.1403539 -1.0
4.58683474 4.3599063 -1.0
3.30994183 3.8705103 -1.0
2.46204944 1.1848206 -1.0
6.30093966 7.3955914 1.0
2.36861272 3.0741439 -1.0
2.62286109 4.4454557 -1.0
6.97275602 7.8591011 1.0
7.82908434 7.3953840 1.0
6.14758847 7.8847494 1.0
7.03943274 7.5110968 1.0
1.80445252 0.2961329 -1.0
7.4031018  6.8199060 1.0
1.82848928 3.5107791 -1.0
2.77553686 2.0918047 -1.0
2.85243056 2.3755958 -1.0
7.10051715 5.9248292 1.0
2.9921361  2.7955040 -1.0
1.84193035 1.5064239 -1.0
7.59067428 7.9100690 1.0
6.75871713 6.9184077 1.0
2.30486751 5.8220302 -1.0
2.44634035 3.2314203 -1.0
3.96559677 4.4184551 -1.0
7.05618574 6.0073826 1.0
1.9800881  2.6132624 -1.0
1.44046938 2.1428864 -1.0
2.14284598 2.8283036 -1.0
6.8240849  4.9684315 1.0
6.44615023 9.1719396 1.0
3.02968298 3.0564620 -1.0
3.58069689 2.2535499 -1.0
3.80499763 2.612836  -1.0
6.51088063 5.9056757 1.0
2.86980718 2.2183679 -1.0
2.56646024 2.7068883 -1.0
2.94683696 1.9633135 -1.0
2.3134453  4.4120941 -1.0
6.54278995 5.9782987 1.0
1.57399926 2.1580526 -1.0
7.82290011 7.0154030 1.0
3.35355566 1.8249764 -1.0
3.58666728 3.8701648 -1.0
3.27340766 1.5834797 -1.0
7.89291239 7.4020565 1.0
3.18174375 1.5679851 -1.0
6.15076673 7.6341337 1.0
2.7701176 3.288266 -1.0
3.32883043 2.0598879 -1.0
7.72903355 5.5656746 1.0
4.53330791 5.8834189 1.0
3.36422439 4.4138293 -1.0
 2.09439507 -0.1743076 -1.0
2.50919279 4.5675729 -1.0
6.28441664 7.3489862 1.0
8.56078823 7.8947131 1.0
2.53357609 4.0119267 -1.0
7.13529809 5.9804014 1.0
3.5287103  3.1390602 -1.0
6.66192469 7.2446487 1.0
3.23476048 3.5003366 -1.0
3.54611779 3.6029106 -1.0
2.40478732 3.7836489 -1.0
1.68016666 3.8405173 -1.0
8.58385303 7.9292687 1.0
3.46602784 3.0324096 -1.0
2.4011672  1.0049908 -1.0
5.34820706 7.2277488 1.0
6.94532402 6.7656685 1.0
7.12787956 5.9522030 1.0
7.76509075 7.7316093 1.0
6.42666815 6.7996156 1.0
6.83089323 7.9809249 1.0
3.57723184 3.6302404 -1.0
2.21191883 5.0841868 -1.0
7.76002578 7.6668035 1.0
2.42360412 2.0528240 -1.0
3.78424527 3.1195690 -1.0
6.23136889 6.0772086 1.0
2.12813217 0.7068917 -1.0
2.33933378 3.0152007 -1.0
7.07125123 7.8051023 1.0
2.5157558  1.5963844 -1.0
8.53144775 6.0734630 1.0
3.25163393 1.8758486 -1.0
9.02430768 7.5255169 1.0
3.75302029 1.6234686 -1.0
7.98295107 7.5694346 1.0
2.14492755 3.0031085 -1.0
0.9640044  4.9680501 -1.0
8.82423534 5.8686792 1.0
1.74374739 1.1547734 -1.0
5.92729107 6.6167086 1.0
7.7040116  7.0872407 1.0
6.13097032 6.0736642 1.0
-0.23228709  1.1511557 -1.0
7.67540965 6.4612426 1.0
7.12453412 7.2168524 1.0
8.3248635  5.7145783 1.0
2.37280941 2.2965292 -1.0
6.53370713 7.9283596 1.0
6.24576414 5.7829536 1.0
8.40297094 9.0152989 1.0
6.46924498 6.3951438 1.0
8.81810111 5.9693074 1.0
7.64528944 8.4328923 1.0
8.30381591 6.1352434 1.0
2.86868382 2.0683862 -1.0
6.10022296 6.0691547 1.0
7.18262702 9.1127739 1.0
2.42513078 4.4238966 -1.0
4.38208085 2.8960468 -1.0
8.53362016 5.8220291 1.0
2.86990033 3.8942643 -1.0
6.88930423 7.8768599 1.0
6.04983315 5.2894808 1.0
2.58627432 2.5211278 -1.0
7.25901042 6.2509186 1.0
5.46774893 7.2971461 1.0
1.50137787 4.0476479 -1.0
2.7166601 2.671441 -1.0
2.88138907 2.9797414 -1.0
2.59651663 2.7872467 -1.0
4.04361016 2.9596295 -1.0
2.9660384  2.9341847 -1.0
6.50134739 5.9564907 1.0
3.49194848 1.4458122 -1.0
5.38947464 9.2055229 1.0
7.64434996 7.2862471 1.0
3.38683661 1.0412393 -1.0
8.73178569 7.8206006 1.0
7.45501591 6.3767061 1.0
7.45694989 7.169626  1.0
4.57976498 3.5714434 -1.0
7.03709319 4.5070617 1.0
3.03476207 2.7186443 -1.0
2.86335283 0.9164962 -1.0
1.53760735 1.0265967 -1.0
6.76039989 7.7433677 1.0
2.92454772 3.1060679 -1.0
8.00370653 6.6666769 1.0
2.26636223 1.1945138 -1.0
1.74818589 3.2871652 -1.0
2.10518992 3.2138878 -1.0
6.73871246 6.5685664 1.0
3.00474699 3.4807127 -1.0
3.64919183 3.0138879 -1.0
6.32670132 6.9945229 1.0
2.59588455 2.5411707 -1.0
8.05909444 6.1082768 1.0
3.0437288  2.2381307 -1.0
 1.75216603 -0.0381022 -1.0
2.09381536 1.4589439 -1.0
5.60738854 5.7508898 1.0
2.02399124 1.2335409 -1.0
6.88968234 7.4608472 1.0
7.57540727 6.5539482 1.0
3.42931895 3.7085705 -1.0
6.53830645 7.2101889 1.0
7.44389218 6.2369672 1.0
3.12542104 4.4728259 -1.0
7.41100855 8.2191811 1.0
2.83559153 3.5066903 -1.0
1.63670984 2.0200714 -1.0
4.55191477 4.4724122 -1.0
8.45868253 7.9356723 1.0
7.73500473 6.8599877 1.0
7.46281043 6.1736609 1.0
7.03498981 5.2502071 1.0
2.97074678 4.1344049 -1.0
2.04886178 4.9592205 -1.0
8.21955498 5.7501347 1.0
3.52262363 2.8217555 -1.0
2.1534991  2.9937729 -1.0
3.54875458 3.2690626 -1.0
4.1175914  3.3545984 -1.0
3.6093081  3.2167191 -1.0
4.66768909 6.4273306 1.0
6.19678021 5.4605042 1.0
1.76720494 2.6996028 -1.0
3.89109143 2.9018379 -1.0
4.87897722 7.0894431 1.0
3.30358132 2.9155878 -1.0
7.56231231 6.9124468 1.0
2.29415887 4.5852752 -1.0
4.55870329 2.1320402 -1.0
6.36480272 5.7205222 1.0
1.8776443 4.083350 -1.0
7.90750564 6.5474628 1.0
1.19718865 2.6007982 -1.0
2.77046741 2.270222  -1.0
3.2412048  3.2951425 -1.0
7.96570337 7.3027500 1.0
7.53412597 5.6048643 1.0
6.38545922 5.4258987 1.0
3.30276438 4.5190917 -1.0
1.69714151 3.0740728 -1.0
7.83697974 7.6467025 1.0
7.47411518 7.4984361 1.0
8.21949819 8.5100708 1.0
1.62775984 3.3836966 -1.0
7.60519591 7.8206048 1.0
4.28832335 3.0045126 -1.0
4.34673573 3.3995470 -1.0
4.12386219 3.7026499 -1.0
